Map from character to field name
A:	1I
B:	1II
C:	1III
D:	1III_A
E:	1III_B
F:	1IV
G:	1IV_A
H:	1IV_B
I:	1IV_B.1
J:	1IV_B.2
K:	1IV_C
L:	1I_A
M:	1I_B
N:	1I_C
O:	1I_D
P:	1I_E
Q:	1I_E.1
R:	1I_E.2
S:	1I_F
T:	1I_G
U:	1I_H
V:	1I_H.1
W:	1I_H.2
X:	1I_J
Y:	1I_K
Z:	1I_K.1
[:	1I_K.2
\:	1I_K.3
]:	1V
^:	1VI
_:	1VI_A
`:	1VI_B
a:	1V_A
b:	1V_B
c:	1V_C
d:	1V_D
e:	1V_D.1
f:	1V_D.2
g:	1V_E
h:	1V_F
i:	1V_G
j:	Unassigned
k:	?


Substitution rate (mu): 10.481128

Equilibrium frequencies (pi_i):
  A: 0.0231
  B: 0.0236
  C: 0.0233
  D: 0.0244
  E: 0.0239
  F: 0.0234
  G: 0.0241
  H: 0.0239
  I: 0.0239
  J: 0.0238
  K: 0.0238
  L: 0.0238
  M: 0.0241
  N: 0.0238
  O: 0.0238
  P: 0.0239
  Q: 0.0239
  R: 0.0238
  S: 0.0238
  T: 0.0239
  U: 0.0238
  V: 0.024
  W: 0.0238
  X: 0.0238
  Y: 0.0241
  Z: 0.0238
  [: 0.0237
  \: 0.0237
  ]: 0.023
  ^: 0.0236
  _: 0.0239
  `: 0.0239
  a: 0.0238
  b: 0.0235
  c: 0.0237
  d: 0.0234
  e: 0.0246
  f: 0.0236
  g: 0.0253
  h: 0.0238
  i: 0.0233
  j: 0.0237

Symmetrized rates from j->i (W_ij):
	A	B	C	D	E	F	G	H	I	J	K	L	M	N	O	P	Q	R	S	T	U	V	W	X	Y	Z	[	\	]	^	_	`	a	b	c	d	e	f	g	h	i	j
  A	0	1.002	1.0011	0.9993	1.0014	1.0016	1.0001	1.0008	1.0011	1.0015	1.0014	1.5072	1.5011	1.4989	1.5032	1.5014	1.0013	1.0017	1.5148	1.3707	1.4178	1.0009	1.0017	1.3985	1.3722	1.0014	1.0016	1.0017	0.9972	1.0014	1.0016	1.0017	0.9995	1.0008	0.9999	1.0017	0.998	1.0013	0.9937	1.0004	1.0014	1.4948
  B	1.002	0	1.0017	0.9997	1.0019	1.0034	1.0006	1.0013	1.0015	1.002	1.0019	1.002	1.0008	1.0021	1.002	1.0013	1.0018	1.0022	1.002	1.0018	1.0018	1.0014	1.0022	1.0018	1.0008	1.0018	1.0021	1.0022	0.9982	1.0036	1.0021	1.0022	1.0	1.0013	1.0004	1.0022	0.9985	1.0018	0.994	1.0009	1.0018	1.5001
  C	1.0011	1.0017	0	1.5006	1.5024	1.001	1.0003	1.0009	1.0012	1.0016	1.0015	1.0016	1.0004	1.0017	1.0017	1.0009	1.0015	1.0019	1.0017	1.0015	1.0015	1.0011	1.0019	1.0015	1.0005	1.0015	1.0017	1.0018	1.0219	1.0168	1.0018	1.0018	0.9997	1.001	1.0001	1.0019	0.9982	1.0015	0.9938	1.0006	1.0015	1.4831
  D	0.9993	0.9997	1.5006	0	0.9997	0.9991	0.9983	0.999	0.9993	0.9998	0.9997	0.9998	0.9985	0.9999	0.9999	0.9991	0.9996	1.0	0.9999	0.9996	0.9996	0.9992	1.0	0.9997	0.9985	0.9996	0.9999	1.0	0.9952	0.9994	0.9999	1.0	0.9977	0.9991	0.9981	1.0	0.9961	0.9997	0.9915	0.9987	0.9997	0.9974
  E	1.0014	1.0019	1.5024	0.9997	0	1.0012	1.0005	1.0012	1.0015	1.0019	1.0018	1.0019	1.0007	1.002	1.002	1.0012	1.0017	1.0021	1.002	1.0018	1.0017	1.0013	1.0022	1.0018	1.0007	1.0018	1.002	1.0021	0.9973	1.0015	1.0021	1.0021	0.9999	1.0012	1.0003	1.0021	0.9984	1.0018	0.9939	1.0008	1.0018	0.9996
  F	1.0016	1.0034	1.001	0.9991	1.0012	0	1.5023	1.5025	1.0009	1.0013	1.5024	1.0013	1.0001	1.0014	1.0014	1.0006	1.0011	1.0015	1.0014	1.0012	1.0012	1.0007	1.0016	1.0012	1.0001	1.0012	1.0014	1.0015	0.9973	1.0021	1.0015	1.0015	0.9994	1.0007	0.9997	1.0016	0.9978	1.0012	0.9934	1.0002	1.0012	1.4928
  G	1.0001	1.0006	1.0003	0.9983	1.0005	1.5023	0	1.006	1.0002	1.0007	1.0006	1.0006	0.9994	1.0007	1.0007	0.9999	1.0005	1.0009	1.0007	1.0005	1.0005	1.0001	1.0009	1.0005	0.9994	1.0005	1.0007	1.0009	0.996	1.0003	1.0008	1.0008	0.9986	1.0	0.999	1.0009	0.997	1.0005	0.9924	0.9995	1.0005	1.0024
  H	1.0008	1.0013	1.0009	0.999	1.0012	1.5025	1.006	0	1.5039	1.5024	1.0012	1.0013	1.0001	1.0014	1.0014	1.0006	1.0011	1.0015	1.0014	1.0012	1.0011	1.0007	1.0015	1.0012	1.0001	1.0012	1.0014	1.0015	0.9967	1.0009	1.0014	1.0015	0.9993	1.0006	0.9997	1.0015	0.9977	1.0012	0.9932	1.0002	1.0012	1.0039
  I	1.0011	1.0015	1.0012	0.9993	1.0015	1.0009	1.0002	1.5039	0	1.0024	1.0015	1.0016	1.0004	1.0017	1.0017	1.0009	1.0014	1.0018	1.0017	1.0015	1.0014	1.001	1.0018	1.0015	1.0004	1.0015	1.0017	1.0018	0.997	1.0012	1.0017	1.0018	0.9996	1.0009	1.0	1.0018	0.998	1.0015	0.9935	1.0005	1.0015	0.9992
  J	1.0015	1.002	1.0016	0.9998	1.0019	1.0013	1.0007	1.5024	1.0024	0	1.0019	1.002	1.0008	1.0021	1.0021	1.0013	1.0019	1.0023	1.0021	1.0019	1.0019	1.0015	1.0023	1.0019	1.0008	1.0019	1.0021	1.0022	0.9974	1.0017	1.0022	1.0022	1.0001	1.0014	1.0004	1.0023	0.9985	1.0019	0.994	1.0009	1.0019	0.9997
  K	1.0014	1.0019	1.0015	0.9997	1.0018	1.5024	1.0006	1.0012	1.0015	1.0019	0	1.0019	1.0007	1.002	1.002	1.0012	1.0018	1.0022	1.002	1.0018	1.0018	1.0014	1.0022	1.0018	1.0007	1.0018	1.002	1.0021	0.9973	1.0016	1.0021	1.0021	0.9999	1.0012	1.0003	1.0022	0.9984	1.0018	0.9939	1.0008	1.0018	0.9996
  L	1.5072	1.002	1.0016	0.9998	1.0019	1.0013	1.0006	1.0013	1.0016	1.002	1.0019	0	1.003	1.007	1.0054	1.0013	1.0018	1.0022	1.0021	1.0019	1.0019	1.0014	1.0023	1.0019	1.0008	1.0019	1.0021	1.0022	0.9974	1.0016	1.0022	1.0022	1.0	1.0013	1.0004	1.0022	0.9985	1.0019	0.994	1.0009	1.0019	1.0026
  M	1.5011	1.0008	1.0004	0.9985	1.0007	1.0001	0.9994	1.0001	1.0004	1.0008	1.0007	1.003	0	1.0013	1.0012	1.0001	1.0006	1.001	1.0009	1.0007	1.0007	1.0002	1.001	1.0007	0.9996	1.0007	1.0009	1.001	0.9962	1.0004	1.0009	1.001	0.9988	1.0001	0.9992	1.0011	0.9972	1.0007	0.9926	0.9997	1.0007	1.0032
  N	1.4989	1.0021	1.0017	0.9999	1.002	1.0014	1.0007	1.0014	1.0017	1.0021	1.002	1.007	1.0013	0	1.0047	1.0014	1.002	1.0024	1.0022	1.002	1.002	1.0016	1.0024	1.002	1.001	1.002	1.0022	1.0023	0.9975	1.0018	1.0023	1.0023	1.0001	1.0014	1.0005	1.0024	0.9986	1.002	0.9941	1.001	1.002	1.0003
  O	1.5032	1.002	1.0017	0.9999	1.002	1.0014	1.0007	1.0014	1.0017	1.0021	1.002	1.0054	1.0012	1.0047	0	1.0014	1.0019	1.0023	1.0022	1.002	1.002	1.0015	1.0024	1.002	1.0009	1.002	1.0022	1.0023	0.9975	1.0017	1.0023	1.0023	1.0001	1.0014	1.0005	1.0023	0.9986	1.002	0.9941	1.001	1.002	1.0002
  P	1.5014	1.0013	1.0009	0.9991	1.0012	1.0006	0.9999	1.0006	1.0009	1.0013	1.0012	1.0013	1.0001	1.0014	1.0014	0	1.5019	1.5024	1.0014	1.0012	1.0012	1.0007	1.0016	1.0012	1.0001	1.0012	1.0014	1.0015	0.9967	1.001	1.0015	1.0015	0.9993	1.0007	0.9997	1.0016	0.9978	1.0012	0.9932	1.0002	1.0012	0.999
  Q	1.0013	1.0018	1.0015	0.9996	1.0017	1.0011	1.0005	1.0011	1.0014	1.0019	1.0018	1.0018	1.0006	1.002	1.0019	1.5019	0	1.0021	1.0019	1.0017	1.0017	1.0013	1.0021	1.0017	1.0007	1.0017	1.0019	1.0021	0.9972	1.0015	1.002	1.0021	0.9999	1.0012	1.0002	1.0021	0.9983	1.0017	0.9938	1.0008	1.0017	0.9995
  R	1.0017	1.0022	1.0019	1.0	1.0021	1.0015	1.0009	1.0015	1.0018	1.0023	1.0022	1.0022	1.001	1.0024	1.0023	1.5024	1.0021	0	1.0023	1.0021	1.0021	1.0017	1.0025	1.0021	1.0011	1.0021	1.0023	1.0025	0.9976	1.0019	1.0024	1.0025	1.0003	1.0016	1.0006	1.0025	0.9987	1.0021	0.9943	1.0012	1.0021	0.9999
  S	1.5148	1.002	1.0017	0.9999	1.002	1.0014	1.0007	1.0014	1.0017	1.0021	1.002	1.0021	1.0009	1.0022	1.0022	1.0014	1.0019	1.0023	0	1.0024	1.0025	1.0015	1.0024	1.002	1.0009	1.002	1.0022	1.0023	0.9975	1.0017	1.0023	1.0023	1.0001	1.0014	1.0005	1.0023	0.9986	1.002	0.9941	1.001	1.002	0.9998
  T	1.3707	1.0018	1.0015	0.9996	1.0018	1.0012	1.0005	1.0012	1.0015	1.0019	1.0018	1.0019	1.0007	1.002	1.002	1.0012	1.0017	1.0021	1.0024	0	1.2543	1.0013	1.0022	1.0018	1.0007	1.0018	1.002	1.0021	0.9973	1.0015	1.002	1.0021	0.9999	1.0012	1.0003	1.0021	0.9984	1.0018	0.9939	1.0008	1.0018	0.9996
  U	1.4178	1.0018	1.0015	0.9996	1.0017	1.0012	1.0005	1.0011	1.0014	1.0019	1.0018	1.0019	1.0007	1.002	1.002	1.0012	1.0017	1.0021	1.0025	1.2543	0	1.5024	1.5033	1.0018	1.0007	1.0017	1.002	1.0021	0.9973	1.0015	1.002	1.0021	0.9999	1.0012	1.0003	1.0021	0.9983	1.0017	0.9938	1.0008	1.0017	0.9995
  V	1.0009	1.0014	1.0011	0.9992	1.0013	1.0007	1.0001	1.0007	1.001	1.0015	1.0014	1.0014	1.0002	1.0016	1.0015	1.0007	1.0013	1.0017	1.0015	1.0013	1.5024	0	1.0017	1.0013	1.0002	1.0013	1.0015	1.0017	0.9968	1.0011	1.0016	1.0017	0.9995	1.0008	0.9998	1.0017	0.9979	1.0013	0.9933	1.0003	1.0013	0.9991
  W	1.0017	1.0022	1.0019	1.0	1.0022	1.0016	1.0009	1.0015	1.0018	1.0023	1.0022	1.0023	1.001	1.0024	1.0024	1.0016	1.0021	1.0025	1.0024	1.0022	1.5033	1.0017	0	1.0022	1.0011	1.0021	1.0024	1.0025	0.9976	1.0019	1.0024	1.0025	1.0003	1.0016	1.0007	1.0025	0.9987	1.0021	0.9943	1.0012	1.0021	0.9999
  X	1.3985	1.0018	1.0015	0.9997	1.0018	1.0012	1.0005	1.0012	1.0015	1.0019	1.0018	1.0019	1.0007	1.002	1.002	1.0012	1.0017	1.0021	1.002	1.0018	1.0018	1.0013	1.0022	0	1.2727	1.0018	1.002	1.0021	0.9973	1.0015	1.0021	1.0021	0.9999	1.0012	1.0003	1.0021	0.9984	1.0018	0.9939	1.0008	1.0018	0.9996
  Y	1.3722	1.0008	1.0005	0.9985	1.0007	1.0001	0.9994	1.0001	1.0004	1.0008	1.0007	1.0008	0.9996	1.001	1.0009	1.0001	1.0007	1.0011	1.0009	1.0007	1.0007	1.0002	1.0011	1.2727	0	1.5021	1.5018	1.5032	0.9962	1.0005	1.001	1.001	0.9988	1.0002	0.9992	1.0011	0.9972	1.0007	0.9927	0.9997	1.0007	0.9985
  Z	1.0014	1.0018	1.0015	0.9996	1.0018	1.0012	1.0005	1.0012	1.0015	1.0019	1.0018	1.0019	1.0007	1.002	1.002	1.0012	1.0017	1.0021	1.002	1.0018	1.0017	1.0013	1.0021	1.0018	1.5021	0	1.002	1.0021	0.9973	1.0015	1.002	1.0021	0.9999	1.0012	1.0003	1.0021	0.9984	1.0017	0.9939	1.0008	1.0018	0.9995
  [	1.0016	1.0021	1.0017	0.9999	1.002	1.0014	1.0007	1.0014	1.0017	1.0021	1.002	1.0021	1.0009	1.0022	1.0022	1.0014	1.0019	1.0023	1.0022	1.002	1.002	1.0015	1.0024	1.002	1.5018	1.002	0	1.0023	0.9975	1.0017	1.0023	1.0023	1.0001	1.0014	1.0005	1.0023	0.9986	1.002	0.9941	1.001	1.002	0.9998
  \	1.0017	1.0022	1.0018	1.0	1.0021	1.0015	1.0009	1.0015	1.0018	1.0022	1.0021	1.0022	1.001	1.0023	1.0023	1.0015	1.0021	1.0025	1.0023	1.0021	1.0021	1.0017	1.0025	1.0021	1.5032	1.0021	1.0023	0	0.9976	1.0019	1.0024	1.0024	1.0003	1.0016	1.0006	1.0025	0.9987	1.0021	0.9943	1.0011	1.0021	0.9999
  ]	0.9972	0.9982	1.0219	0.9952	0.9973	0.9973	0.996	0.9967	0.997	0.9974	0.9973	0.9974	0.9962	0.9975	0.9975	0.9967	0.9972	0.9976	0.9975	0.9973	0.9973	0.9968	0.9976	0.9973	0.9962	0.9973	0.9975	0.9976	0	1.0472	0.9975	0.9976	1.4997	1.4955	1.4949	1.0278	1.1071	1.1049	1.4854	1.2405	1.4473	1.5015
  ^	1.0014	1.0036	1.0168	0.9994	1.0015	1.0021	1.0003	1.0009	1.0012	1.0017	1.0016	1.0016	1.0004	1.0018	1.0017	1.001	1.0015	1.0019	1.0017	1.0015	1.0015	1.0011	1.0019	1.0015	1.0005	1.0015	1.0017	1.0019	1.0472	0	1.3723	1.3331	0.9997	1.001	1.0001	1.0019	0.9981	1.0015	0.9937	1.0006	1.0015	1.535
  _	1.0016	1.0021	1.0018	0.9999	1.0021	1.0015	1.0008	1.0014	1.0017	1.0022	1.0021	1.0022	1.0009	1.0023	1.0023	1.0015	1.002	1.0024	1.0023	1.002	1.002	1.0016	1.0024	1.0021	1.001	1.002	1.0023	1.0024	0.9975	1.3723	0	1.3308	1.0002	1.0015	1.0005	1.0024	0.9986	1.002	0.9941	1.0011	1.002	1.0
  `	1.0017	1.0022	1.0018	1.0	1.0021	1.0015	1.0008	1.0015	1.0018	1.0022	1.0021	1.0022	1.001	1.0023	1.0023	1.0015	1.0021	1.0025	1.0023	1.0021	1.0021	1.0017	1.0025	1.0021	1.001	1.0021	1.0023	1.0024	0.9976	1.3331	1.3308	0	1.0002	1.0015	1.0006	1.0025	0.9987	1.0021	0.9942	1.0011	1.0021	1.0001
  a	0.9995	1.0	0.9997	0.9977	0.9999	0.9994	0.9986	0.9993	0.9996	1.0001	0.9999	1.0	0.9988	1.0001	1.0001	0.9993	0.9999	1.0003	1.0001	0.9999	0.9999	0.9995	1.0003	0.9999	0.9988	0.9999	1.0001	1.0003	1.4997	0.9997	1.0002	1.0002	0	0.9994	0.9984	1.0003	0.9965	0.9999	0.9919	0.999	1.0	0.9977
  b	1.0008	1.0013	1.001	0.9991	1.0012	1.0007	1.0	1.0006	1.0009	1.0014	1.0012	1.0013	1.0001	1.0014	1.0014	1.0007	1.0012	1.0016	1.0014	1.0012	1.0012	1.0008	1.0016	1.0012	1.0002	1.0012	1.0014	1.0016	1.4955	1.001	1.0015	1.0015	0.9994	0	0.9998	1.0016	0.9979	1.0012	0.9934	1.0003	1.0013	0.999
  c	0.9999	1.0004	1.0001	0.9981	1.0003	0.9997	0.999	0.9997	1.0	1.0004	1.0003	1.0004	0.9992	1.0005	1.0005	0.9997	1.0002	1.0006	1.0005	1.0003	1.0003	0.9998	1.0007	1.0003	0.9992	1.0003	1.0005	1.0006	1.4949	1.0001	1.0005	1.0006	0.9984	0.9998	0	1.0007	0.9969	1.0003	0.9923	0.9993	1.0003	0.9981
  d	1.0017	1.0022	1.0019	1.0	1.0021	1.0016	1.0009	1.0015	1.0018	1.0023	1.0022	1.0022	1.0011	1.0024	1.0023	1.0016	1.0021	1.0025	1.0023	1.0021	1.0021	1.0017	1.0025	1.0021	1.0011	1.0021	1.0023	1.0025	1.0278	1.0019	1.0024	1.0025	1.0003	1.0016	1.0007	0	1.4722	1.0744	0.9944	1.0431	1.0331	0.9999
  e	0.998	0.9985	0.9982	0.9961	0.9984	0.9978	0.997	0.9977	0.998	0.9985	0.9984	0.9985	0.9972	0.9986	0.9986	0.9978	0.9983	0.9987	0.9986	0.9984	0.9983	0.9979	0.9987	0.9984	0.9972	0.9984	0.9986	0.9987	1.1071	0.9981	0.9986	0.9987	0.9965	0.9979	0.9969	1.4722	0	1.2818	0.9901	1.1577	1.1146	0.9961
  f	1.0013	1.0018	1.0015	0.9997	1.0018	1.0012	1.0005	1.0012	1.0015	1.0019	1.0018	1.0019	1.0007	1.002	1.002	1.0012	1.0017	1.0021	1.002	1.0018	1.0017	1.0013	1.0021	1.0018	1.0007	1.0017	1.002	1.0021	1.1049	1.0015	1.002	1.0021	0.9999	1.0012	1.0003	1.0744	1.2818	0	0.994	1.1525	1.1124	0.9996
  g	0.9937	0.994	0.9938	0.9915	0.9939	0.9934	0.9924	0.9932	0.9935	0.994	0.9939	0.994	0.9926	0.9941	0.9941	0.9932	0.9938	0.9943	0.9941	0.9939	0.9938	0.9933	0.9943	0.9939	0.9927	0.9939	0.9941	0.9943	1.4854	0.9937	0.9941	0.9942	0.9919	0.9934	0.9923	0.9944	0.9901	0.994	0	0.9929	0.9941	0.9916
  h	1.0004	1.0009	1.0006	0.9987	1.0008	1.0002	0.9995	1.0002	1.0005	1.0009	1.0008	1.0009	0.9997	1.001	1.001	1.0002	1.0008	1.0012	1.001	1.0008	1.0008	1.0003	1.0012	1.0008	0.9997	1.0008	1.001	1.0011	1.2405	1.0006	1.0011	1.0011	0.999	1.0003	0.9993	1.0431	1.1577	1.1525	0.9929	0	1.2547	0.9986
  i	1.0014	1.0018	1.0015	0.9997	1.0018	1.0012	1.0005	1.0012	1.0015	1.0019	1.0018	1.0019	1.0007	1.002	1.002	1.0012	1.0017	1.0021	1.002	1.0018	1.0017	1.0013	1.0021	1.0018	1.0007	1.0018	1.002	1.0021	1.4473	1.0015	1.002	1.0021	1.0	1.0013	1.0003	1.0331	1.1146	1.1124	0.9941	1.2547	0	0.9996
  j	1.4948	1.5001	1.4831	0.9974	0.9996	1.4928	1.0024	1.0039	0.9992	0.9997	0.9996	1.0026	1.0032	1.0003	1.0002	0.999	0.9995	0.9999	0.9998	0.9996	0.9995	0.9991	0.9999	0.9996	0.9985	0.9995	0.9998	0.9999	1.5015	1.535	1.0	1.0001	0.9977	0.999	0.9981	0.9999	0.9961	0.9996	0.9916	0.9986	0.9996	0

Actual rates from j->i (Q_ij):
	A	B	C	D	E	F	G	H	I	J	K	L	M	N	O	P	Q	R	S	T	U	V	W	X	Y	Z	[	\	]	^	_	`	a	b	c	d	e	f	g	h	i	j
  A	0	0.0232	0.0232	0.0231	0.0232	0.0232	0.0231	0.0232	0.0232	0.0232	0.0232	0.0349	0.0347	0.0347	0.0348	0.0347	0.0232	0.0232	0.035	0.0317	0.0328	0.0232	0.0232	0.0324	0.0317	0.0232	0.0232	0.0232	0.0231	0.0232	0.0232	0.0232	0.0231	0.0232	0.0231	0.0232	0.0231	0.0232	0.023	0.0231	0.0232	0.0346
  B	0.0236	0	0.0236	0.0236	0.0236	0.0237	0.0236	0.0236	0.0236	0.0236	0.0236	0.0236	0.0236	0.0236	0.0236	0.0236	0.0236	0.0236	0.0236	0.0236	0.0236	0.0236	0.0236	0.0236	0.0236	0.0236	0.0236	0.0236	0.0235	0.0237	0.0236	0.0236	0.0236	0.0236	0.0236	0.0236	0.0235	0.0236	0.0234	0.0236	0.0236	0.0354
  C	0.0234	0.0234	0	0.035	0.035	0.0233	0.0233	0.0233	0.0234	0.0234	0.0234	0.0234	0.0233	0.0234	0.0234	0.0233	0.0234	0.0234	0.0234	0.0234	0.0234	0.0233	0.0234	0.0234	0.0233	0.0234	0.0234	0.0234	0.0238	0.0237	0.0234	0.0234	0.0233	0.0233	0.0233	0.0234	0.0233	0.0234	0.0232	0.0233	0.0234	0.0346
  D	0.0244	0.0244	0.0366	0	0.0244	0.0244	0.0243	0.0244	0.0244	0.0244	0.0244	0.0244	0.0244	0.0244	0.0244	0.0244	0.0244	0.0244	0.0244	0.0244	0.0244	0.0244	0.0244	0.0244	0.0244	0.0244	0.0244	0.0244	0.0243	0.0244	0.0244	0.0244	0.0243	0.0244	0.0243	0.0244	0.0243	0.0244	0.0242	0.0244	0.0244	0.0243
  E	0.0239	0.0239	0.0359	0.0239	0	0.0239	0.0239	0.0239	0.0239	0.0239	0.0239	0.0239	0.0239	0.0239	0.0239	0.0239	0.0239	0.0239	0.0239	0.0239	0.0239	0.0239	0.0239	0.0239	0.0239	0.0239	0.0239	0.0239	0.0238	0.0239	0.0239	0.0239	0.0239	0.0239	0.0239	0.0239	0.0238	0.0239	0.0237	0.0239	0.0239	0.0239
  F	0.0234	0.0235	0.0234	0.0234	0.0234	0	0.0352	0.0352	0.0234	0.0234	0.0352	0.0234	0.0234	0.0234	0.0234	0.0234	0.0234	0.0234	0.0234	0.0234	0.0234	0.0234	0.0234	0.0234	0.0234	0.0234	0.0234	0.0234	0.0233	0.0235	0.0234	0.0234	0.0234	0.0234	0.0234	0.0234	0.0234	0.0234	0.0233	0.0234	0.0234	0.0349
  G	0.0241	0.0242	0.0241	0.0241	0.0242	0.0363	0	0.0243	0.0241	0.0242	0.0242	0.0242	0.0241	0.0242	0.0242	0.0241	0.0241	0.0242	0.0242	0.0242	0.0242	0.0241	0.0242	0.0242	0.0241	0.0242	0.0242	0.0242	0.024	0.0241	0.0242	0.0242	0.0241	0.0241	0.0241	0.0242	0.0241	0.0242	0.024	0.0241	0.0242	0.0242
  H	0.0239	0.0239	0.0239	0.0239	0.0239	0.0359	0.024	0	0.0359	0.0359	0.0239	0.0239	0.0239	0.0239	0.0239	0.0239	0.0239	0.0239	0.0239	0.0239	0.0239	0.0239	0.0239	0.0239	0.0239	0.0239	0.0239	0.0239	0.0238	0.0239	0.0239	0.0239	0.0239	0.0239	0.0239	0.0239	0.0238	0.0239	0.0237	0.0239	0.0239	0.024
  I	0.0239	0.024	0.0239	0.0239	0.024	0.0239	0.0239	0.036	0	0.024	0.024	0.024	0.0239	0.024	0.024	0.0239	0.0239	0.024	0.024	0.024	0.0239	0.0239	0.024	0.024	0.0239	0.0239	0.024	0.024	0.0238	0.0239	0.024	0.024	0.0239	0.0239	0.0239	0.024	0.0239	0.024	0.0238	0.0239	0.024	0.0239
  J	0.0238	0.0239	0.0238	0.0238	0.0239	0.0238	0.0238	0.0358	0.0239	0	0.0239	0.0239	0.0238	0.0239	0.0239	0.0238	0.0239	0.0239	0.0239	0.0239	0.0239	0.0238	0.0239	0.0239	0.0238	0.0239	0.0239	0.0239	0.0237	0.0239	0.0239	0.0239	0.0238	0.0238	0.0238	0.0239	0.0238	0.0239	0.0237	0.0238	0.0239	0.0238
  K	0.0239	0.0239	0.0239	0.0238	0.0239	0.0358	0.0238	0.0239	0.0239	0.0239	0	0.0239	0.0239	0.0239	0.0239	0.0239	0.0239	0.0239	0.0239	0.0239	0.0239	0.0239	0.0239	0.0239	0.0239	0.0239	0.0239	0.0239	0.0238	0.0239	0.0239	0.0239	0.0238	0.0239	0.0238	0.0239	0.0238	0.0239	0.0237	0.0239	0.0239	0.0238
  L	0.0359	0.0239	0.0239	0.0238	0.0239	0.0239	0.0238	0.0239	0.0239	0.0239	0.0239	0	0.0239	0.024	0.024	0.0239	0.0239	0.0239	0.0239	0.0239	0.0239	0.0239	0.0239	0.0239	0.0238	0.0239	0.0239	0.0239	0.0238	0.0239	0.0239	0.0239	0.0238	0.0239	0.0238	0.0239	0.0238	0.0239	0.0237	0.0239	0.0239	0.0239
  M	0.0362	0.0241	0.0241	0.0241	0.0241	0.0241	0.0241	0.0241	0.0241	0.0241	0.0241	0.0242	0	0.0241	0.0241	0.0241	0.0241	0.0241	0.0241	0.0241	0.0241	0.0241	0.0241	0.0241	0.0241	0.0241	0.0241	0.0241	0.024	0.0241	0.0241	0.0241	0.0241	0.0241	0.0241	0.0241	0.024	0.0241	0.0239	0.0241	0.0241	0.0242
  N	0.0357	0.0238	0.0238	0.0238	0.0238	0.0238	0.0238	0.0238	0.0238	0.0239	0.0238	0.024	0.0238	0	0.0239	0.0238	0.0238	0.0239	0.0239	0.0238	0.0238	0.0238	0.0239	0.0238	0.0238	0.0238	0.0239	0.0239	0.0237	0.0238	0.0239	0.0239	0.0238	0.0238	0.0238	0.0239	0.0238	0.0238	0.0237	0.0238	0.0238	0.0238
  O	0.0358	0.0239	0.0238	0.0238	0.0239	0.0238	0.0238	0.0238	0.0238	0.0239	0.0239	0.0239	0.0238	0.0239	0	0.0238	0.0239	0.0239	0.0239	0.0239	0.0239	0.0238	0.0239	0.0239	0.0238	0.0239	0.0239	0.0239	0.0237	0.0238	0.0239	0.0239	0.0238	0.0238	0.0238	0.0239	0.0238	0.0239	0.0237	0.0238	0.0239	0.0238
  P	0.0359	0.024	0.024	0.0239	0.024	0.0239	0.0239	0.0239	0.024	0.024	0.024	0.024	0.0239	0.024	0.024	0	0.0359	0.036	0.024	0.024	0.024	0.024	0.024	0.024	0.0239	0.024	0.024	0.024	0.0239	0.024	0.024	0.024	0.0239	0.0239	0.0239	0.024	0.0239	0.024	0.0238	0.0239	0.024	0.0239
  Q	0.0239	0.0239	0.0239	0.0238	0.0239	0.0239	0.0239	0.0239	0.0239	0.0239	0.0239	0.0239	0.0239	0.0239	0.0239	0.0358	0	0.0239	0.0239	0.0239	0.0239	0.0239	0.0239	0.0239	0.0239	0.0239	0.0239	0.0239	0.0238	0.0239	0.0239	0.0239	0.0239	0.0239	0.0239	0.0239	0.0238	0.0239	0.0237	0.0239	0.0239	0.0238
  R	0.0238	0.0238	0.0238	0.0238	0.0238	0.0238	0.0238	0.0238	0.0238	0.0238	0.0238	0.0238	0.0238	0.0238	0.0238	0.0357	0.0238	0	0.0238	0.0238	0.0238	0.0238	0.0238	0.0238	0.0238	0.0238	0.0238	0.0238	0.0237	0.0238	0.0238	0.0238	0.0238	0.0238	0.0238	0.0238	0.0237	0.0238	0.0236	0.0238	0.0238	0.0238
  S	0.0361	0.0239	0.0239	0.0238	0.0239	0.0238	0.0238	0.0238	0.0239	0.0239	0.0239	0.0239	0.0238	0.0239	0.0239	0.0238	0.0239	0.0239	0	0.0239	0.0239	0.0239	0.0239	0.0239	0.0238	0.0239	0.0239	0.0239	0.0238	0.0239	0.0239	0.0239	0.0238	0.0238	0.0238	0.0239	0.0238	0.0239	0.0237	0.0238	0.0239	0.0238
  T	0.0327	0.0239	0.0239	0.0239	0.0239	0.0239	0.0239	0.0239	0.0239	0.0239	0.0239	0.0239	0.0239	0.0239	0.0239	0.0239	0.0239	0.0239	0.0239	0	0.0299	0.0239	0.0239	0.0239	0.0239	0.0239	0.0239	0.0239	0.0238	0.0239	0.0239	0.0239	0.0239	0.0239	0.0239	0.0239	0.0238	0.0239	0.0237	0.0239	0.0239	0.0239
  U	0.0337	0.0238	0.0238	0.0238	0.0238	0.0238	0.0238	0.0238	0.0238	0.0238	0.0238	0.0238	0.0238	0.0238	0.0238	0.0238	0.0238	0.0238	0.0239	0.0298	0	0.0357	0.0358	0.0238	0.0238	0.0238	0.0238	0.0238	0.0237	0.0238	0.0238	0.0238	0.0238	0.0238	0.0238	0.0238	0.0238	0.0238	0.0236	0.0238	0.0238	0.0238
  V	0.024	0.024	0.024	0.024	0.024	0.024	0.024	0.024	0.024	0.024	0.024	0.024	0.024	0.024	0.024	0.024	0.024	0.024	0.024	0.024	0.0361	0	0.024	0.024	0.024	0.024	0.024	0.024	0.0239	0.024	0.024	0.024	0.024	0.024	0.024	0.024	0.024	0.024	0.0238	0.024	0.024	0.024
  W	0.0239	0.0239	0.0239	0.0238	0.0239	0.0239	0.0238	0.0239	0.0239	0.0239	0.0239	0.0239	0.0238	0.0239	0.0239	0.0239	0.0239	0.0239	0.0239	0.0239	0.0358	0.0239	0	0.0239	0.0238	0.0239	0.0239	0.0239	0.0238	0.0239	0.0239	0.0239	0.0238	0.0239	0.0238	0.0239	0.0238	0.0239	0.0237	0.0238	0.0239	0.0238
  X	0.0333	0.0239	0.0238	0.0238	0.0239	0.0238	0.0238	0.0238	0.0238	0.0239	0.0239	0.0239	0.0238	0.0239	0.0239	0.0238	0.0239	0.0239	0.0239	0.0239	0.0239	0.0238	0.0239	0	0.0303	0.0239	0.0239	0.0239	0.0237	0.0238	0.0239	0.0239	0.0238	0.0238	0.0238	0.0239	0.0238	0.0239	0.0237	0.0238	0.0239	0.0238
  Y	0.033	0.0241	0.0241	0.024	0.0241	0.0241	0.024	0.0241	0.0241	0.0241	0.0241	0.0241	0.0241	0.0241	0.0241	0.0241	0.0241	0.0241	0.0241	0.0241	0.0241	0.0241	0.0241	0.0306	0	0.0361	0.0361	0.0362	0.024	0.0241	0.0241	0.0241	0.024	0.0241	0.024	0.0241	0.024	0.0241	0.0239	0.0241	0.0241	0.024
  Z	0.0238	0.0238	0.0238	0.0238	0.0238	0.0238	0.0238	0.0238	0.0238	0.0238	0.0238	0.0238	0.0238	0.0238	0.0238	0.0238	0.0238	0.0238	0.0238	0.0238	0.0238	0.0238	0.0238	0.0238	0.0357	0	0.0238	0.0238	0.0237	0.0238	0.0238	0.0238	0.0238	0.0238	0.0238	0.0238	0.0238	0.0238	0.0236	0.0238	0.0238	0.0238
  [	0.0238	0.0238	0.0238	0.0237	0.0238	0.0238	0.0238	0.0238	0.0238	0.0238	0.0238	0.0238	0.0238	0.0238	0.0238	0.0238	0.0238	0.0238	0.0238	0.0238	0.0238	0.0238	0.0238	0.0238	0.0357	0.0238	0	0.0238	0.0237	0.0238	0.0238	0.0238	0.0237	0.0238	0.0238	0.0238	0.0237	0.0238	0.0236	0.0238	0.0238	0.0237
  \	0.0238	0.0238	0.0238	0.0237	0.0238	0.0237	0.0237	0.0237	0.0238	0.0238	0.0238	0.0238	0.0237	0.0238	0.0238	0.0237	0.0238	0.0238	0.0238	0.0238	0.0238	0.0238	0.0238	0.0238	0.0356	0.0238	0.0238	0	0.0237	0.0238	0.0238	0.0238	0.0237	0.0237	0.0237	0.0238	0.0237	0.0238	0.0236	0.0237	0.0238	0.0237
  ]	0.0229	0.0229	0.0235	0.0228	0.0229	0.0229	0.0229	0.0229	0.0229	0.0229	0.0229	0.0229	0.0229	0.0229	0.0229	0.0229	0.0229	0.0229	0.0229	0.0229	0.0229	0.0229	0.0229	0.0229	0.0229	0.0229	0.0229	0.0229	0	0.024	0.0229	0.0229	0.0344	0.0343	0.0343	0.0236	0.0254	0.0254	0.0341	0.0285	0.0332	0.0345
  ^	0.0236	0.0237	0.024	0.0236	0.0237	0.0237	0.0236	0.0236	0.0236	0.0237	0.0237	0.0237	0.0236	0.0237	0.0237	0.0236	0.0237	0.0237	0.0237	0.0237	0.0237	0.0236	0.0237	0.0237	0.0236	0.0237	0.0237	0.0237	0.0247	0	0.0324	0.0315	0.0236	0.0236	0.0236	0.0237	0.0236	0.0237	0.0235	0.0236	0.0237	0.0362
  _	0.0239	0.0239	0.0239	0.0239	0.0239	0.0239	0.0239	0.0239	0.0239	0.0239	0.0239	0.0239	0.0239	0.0239	0.0239	0.0239	0.0239	0.0239	0.0239	0.0239	0.0239	0.0239	0.0239	0.0239	0.0239	0.0239	0.0239	0.0239	0.0238	0.0328	0	0.0318	0.0239	0.0239	0.0239	0.0239	0.0238	0.0239	0.0237	0.0239	0.0239	0.0239
  `	0.0239	0.0239	0.0239	0.0239	0.0239	0.0239	0.0239	0.0239	0.0239	0.0239	0.0239	0.0239	0.0239	0.0239	0.0239	0.0239	0.0239	0.0239	0.0239	0.0239	0.0239	0.0239	0.0239	0.0239	0.0239	0.0239	0.0239	0.0239	0.0238	0.0318	0.0317	0	0.0239	0.0239	0.0239	0.0239	0.0238	0.0239	0.0237	0.0239	0.0239	0.0239
  a	0.0238	0.0238	0.0238	0.0238	0.0238	0.0238	0.0238	0.0238	0.0238	0.0238	0.0238	0.0238	0.0238	0.0238	0.0238	0.0238	0.0238	0.0238	0.0238	0.0238	0.0238	0.0238	0.0238	0.0238	0.0238	0.0238	0.0238	0.0238	0.0357	0.0238	0.0238	0.0238	0	0.0238	0.0238	0.0238	0.0237	0.0238	0.0236	0.0238	0.0238	0.0238
  b	0.0235	0.0236	0.0236	0.0235	0.0236	0.0235	0.0235	0.0235	0.0236	0.0236	0.0236	0.0236	0.0235	0.0236	0.0236	0.0235	0.0236	0.0236	0.0236	0.0236	0.0236	0.0235	0.0236	0.0236	0.0235	0.0236	0.0236	0.0236	0.0352	0.0236	0.0236	0.0236	0.0235	0	0.0235	0.0236	0.0235	0.0236	0.0234	0.0235	0.0236	0.0235
  c	0.0237	0.0238	0.0237	0.0237	0.0237	0.0237	0.0237	0.0237	0.0237	0.0238	0.0238	0.0238	0.0237	0.0238	0.0238	0.0237	0.0237	0.0238	0.0238	0.0237	0.0237	0.0237	0.0238	0.0237	0.0237	0.0237	0.0238	0.0238	0.0355	0.0237	0.0238	0.0238	0.0237	0.0237	0	0.0238	0.0237	0.0238	0.0236	0.0237	0.0238	0.0237
  d	0.0235	0.0235	0.0235	0.0234	0.0235	0.0235	0.0235	0.0235	0.0235	0.0235	0.0235	0.0235	0.0235	0.0235	0.0235	0.0235	0.0235	0.0235	0.0235	0.0235	0.0235	0.0235	0.0235	0.0235	0.0235	0.0235	0.0235	0.0235	0.0241	0.0235	0.0235	0.0235	0.0234	0.0235	0.0235	0	0.0345	0.0252	0.0233	0.0244	0.0242	0.0234
  e	0.0246	0.0246	0.0246	0.0245	0.0246	0.0246	0.0246	0.0246	0.0246	0.0246	0.0246	0.0246	0.0246	0.0246	0.0246	0.0246	0.0246	0.0246	0.0246	0.0246	0.0246	0.0246	0.0246	0.0246	0.0246	0.0246	0.0246	0.0246	0.0273	0.0246	0.0246	0.0246	0.0245	0.0246	0.0245	0.0363	0	0.0316	0.0244	0.0285	0.0274	0.0245
  f	0.0236	0.0236	0.0236	0.0236	0.0236	0.0236	0.0236	0.0236	0.0236	0.0236	0.0236	0.0236	0.0236	0.0236	0.0236	0.0236	0.0236	0.0236	0.0236	0.0236	0.0236	0.0236	0.0236	0.0236	0.0236	0.0236	0.0236	0.0236	0.0261	0.0236	0.0236	0.0236	0.0236	0.0236	0.0236	0.0253	0.0302	0	0.0234	0.0272	0.0262	0.0236
  g	0.0252	0.0252	0.0252	0.0251	0.0252	0.0251	0.0251	0.0251	0.0252	0.0252	0.0252	0.0252	0.0251	0.0252	0.0252	0.0251	0.0252	0.0252	0.0252	0.0252	0.0252	0.0251	0.0252	0.0252	0.0251	0.0252	0.0252	0.0252	0.0376	0.0252	0.0252	0.0252	0.0251	0.0251	0.0251	0.0252	0.0251	0.0252	0	0.0251	0.0252	0.0251
  h	0.0238	0.0238	0.0238	0.0237	0.0238	0.0238	0.0238	0.0238	0.0238	0.0238	0.0238	0.0238	0.0238	0.0238	0.0238	0.0238	0.0238	0.0238	0.0238	0.0238	0.0238	0.0238	0.0238	0.0238	0.0238	0.0238	0.0238	0.0238	0.0295	0.0238	0.0238	0.0238	0.0238	0.0238	0.0238	0.0248	0.0275	0.0274	0.0236	0	0.0298	0.0237
  i	0.0233	0.0234	0.0234	0.0233	0.0234	0.0233	0.0233	0.0233	0.0233	0.0234	0.0234	0.0234	0.0233	0.0234	0.0234	0.0233	0.0234	0.0234	0.0234	0.0234	0.0234	0.0233	0.0234	0.0234	0.0233	0.0234	0.0234	0.0234	0.0337	0.0234	0.0234	0.0234	0.0233	0.0233	0.0233	0.0241	0.026	0.0259	0.0232	0.0293	0	0.0233
  j	0.0355	0.0356	0.0352	0.0237	0.0237	0.0354	0.0238	0.0238	0.0237	0.0237	0.0237	0.0238	0.0238	0.0237	0.0237	0.0237	0.0237	0.0237	0.0237	0.0237	0.0237	0.0237	0.0237	0.0237	0.0237	0.0237	0.0237	0.0237	0.0356	0.0364	0.0237	0.0237	0.0237	0.0237	0.0237	0.0237	0.0236	0.0237	0.0235	0.0237	0.0237	0
