Map from character to field name
A:	2I
B:	2II
C:	2III
D:	2III_A
E:	2III_A.1
F:	2III_A.2
G:	2III_B
H:	2III_C
I:	2III_C.1
J:	2III_C.1.1
K:	2III_C.1.2
L:	2III_C.2
M:	2III_D
N:	2III_D.1.1
O:	2III_D.1.2
P:	2III_D.1.3
Q:	2III_D.2
R:	2III_D.3
S:	2II_A
T:	2II_A.1
U:	2II_A.2.1
V:	2II_A.2.2
W:	2II_B
X:	2II_C
Y:	2II_C.1
Z:	2II_C.2
[:	2II_D
\:	2II_D.1
]:	2II_D.2
^:	2II_D.3
_:	2II_E
`:	2II_E.1
a:	2II_E.2
b:	2II_F
c:	2II_F.1
d:	2II_F.1.2
e:	2II_F.2
f:	2II_F.2.1
g:	2II_F.2.2
h:	2IV
i:	2V
j:	2V_A
k:	2V_A.1
l:	2V_A.2
m:	2V_A.3
n:	2V_A.4
o:	2V_C
p:	2V_D
q:	2V_E
r:	?


Substitution rate (mu): 13.378296

Equilibrium frequencies (pi_i):
  A: 0.0209
  B: 0.0202
  C: 0.0198
  D: 0.0202
  E: 0.0204
  F: 0.0204
  G: 0.0209
  H: 0.0207
  I: 0.0201
  J: 0.0204
  K: 0.0203
  L: 0.0202
  M: 0.0203
  N: 0.0203
  O: 0.0205
  P: 0.0202
  Q: 0.0207
  R: 0.0202
  S: 0.0201
  T: 0.0209
  U: 0.0205
  V: 0.0204
  W: 0.0205
  X: 0.0204
  Y: 0.0206
  Z: 0.0204
  [: 0.0204
  \: 0.0204
  ]: 0.0204
  ^: 0.0204
  _: 0.0203
  `: 0.0205
  a: 0.0205
  b: 0.0203
  c: 0.0206
  d: 0.0207
  e: 0.0204
  f: 0.0204
  g: 0.0204
  h: 0.0204
  i: 0.0206
  j: 0.0204
  k: 0.0203
  l: 0.0203
  m: 0.0203
  n: 0.0203
  o: 0.0203
  p: 0.0203
  q: 0.0203

Symmetrized rates from j->i (W_ij):
	A	B	C	D	E	F	G	H	I	J	K	L	M	N	O	P	Q	R	S	T	U	V	W	X	Y	Z	[	\	]	^	_	`	a	b	c	d	e	f	g	h	i	j	k	l	m	n	o	p	q
  A	0	1.0699	1.0512	1.0608	1.0015	1.0015	0.9988	0.9989	1.0014	1.0004	1.0009	1.0011	0.9987	1.0008	1.0	1.0012	0.9989	1.0011	1.0918	0.9993	1.0012	1.0013	1.0411	1.001	1.0008	1.0013	1.001	1.0012	1.0013	1.0012	1.0013	1.0013	1.0012	1.0008	0.9995	0.9996	1.0015	1.0014	1.0015	1.087	1.1874	1.0008	1.0015	1.0015	1.0014	1.0014	1.0017	1.0017	1.0017
  B	1.0699	0	1.0297	1.0356	1.0005	1.0005	0.9978	0.9979	1.0005	0.9995	1.0	1.0002	0.9978	0.9999	0.9991	1.0003	0.998	1.0002	1.3769	0.9983	1.0003	1.0003	1.408	1.5098	0.9998	1.0004	1.5016	1.0003	1.0003	1.0003	1.501	1.0008	1.0003	1.4835	0.9987	0.9987	1.0287	1.0782	1.0416	1.0506	1.0987	0.9995	1.0005	1.0005	1.0004	1.0005	1.0006	1.0005	1.0005
  C	1.0512	1.0297	0	1.5419	0.9997	0.9997	1.4961	1.4959	0.9997	0.9987	0.9992	0.9994	1.4962	0.9991	0.9983	0.9995	0.9976	0.9994	1.0393	0.9975	0.9994	0.9995	1.017	0.9992	0.999	0.9996	0.9991	0.9995	0.9995	0.9994	0.9994	0.9995	0.9995	0.999	0.9979	0.9979	0.9997	0.9996	0.9997	1.0741	1.1415	0.9987	0.9997	0.9997	0.9996	0.9996	0.9998	0.9997	0.9997
  D	1.0608	1.0356	1.5419	0	1.4643	1.4649	0.9984	0.9984	1.001	1.0	1.0005	1.0007	0.9983	1.0003	0.9996	1.0008	0.9985	1.0007	1.0467	0.9988	1.0007	1.0008	1.0211	1.0005	1.0003	1.0009	1.0005	1.0008	1.0008	1.0008	1.0008	1.0008	1.0008	1.0003	0.9992	0.9992	1.001	1.0009	1.001	1.0867	1.1643	1.0	1.001	1.001	1.0009	1.001	1.0011	1.001	1.001
  E	1.0015	1.0005	0.9997	1.4643	0	1.087	0.9981	0.9982	1.0008	0.9999	1.0003	1.0006	0.9981	1.0002	0.9994	1.0006	0.9983	1.0006	1.0008	0.9985	1.0005	1.0006	1.0002	1.0003	1.0002	1.0008	1.0002	1.0006	1.0007	1.0006	1.0005	1.0007	1.0006	1.0001	0.999	0.9991	1.0009	1.0008	1.0009	1.0011	1.0008	0.9996	1.0008	1.0009	1.0008	1.0008	1.0008	1.0007	1.0007
  F	1.0015	1.0005	0.9997	1.4649	1.087	0	0.9982	0.9982	1.0009	0.9999	1.0003	1.0006	0.9981	1.0002	0.9994	1.0007	0.9984	1.0006	1.0008	0.9985	1.0006	1.0006	1.0002	1.0003	1.0002	1.0008	1.0003	1.0007	1.0007	1.0006	1.0006	1.0007	1.0007	1.0001	0.999	0.9991	1.0009	1.0008	1.0009	1.0011	1.0008	0.9996	1.0008	1.0009	1.0008	1.0008	1.0009	1.0007	1.0007
  G	0.9988	0.9978	1.4961	0.9984	0.9981	0.9982	0	0.9955	0.9982	0.9972	0.9977	0.998	0.9954	0.9976	0.9967	0.998	0.9956	0.9979	0.9982	0.9958	0.9979	0.9979	0.9975	0.9976	0.9975	0.9981	0.9976	0.998	0.9981	0.998	0.9979	0.998	0.998	0.9975	0.9963	0.9963	0.9982	0.9981	0.9983	0.9984	0.9981	0.9969	0.9982	0.9982	0.9982	0.9982	0.9982	0.9981	0.998
  H	0.9989	0.9979	1.4959	0.9984	0.9982	0.9982	0.9955	0	1.4976	1.4963	1.4973	1.4975	0.9955	0.9977	0.9968	0.9981	0.9957	0.998	0.9982	0.9959	0.998	0.998	0.9976	0.9977	0.9976	0.9982	0.9977	0.9981	0.9981	0.998	0.998	0.9981	0.9981	0.9975	0.9964	0.9965	0.9983	0.9982	0.9983	0.9985	0.9982	0.997	0.9983	0.9983	0.9982	0.9983	0.9983	0.9981	0.9981
  I	1.0014	1.0005	0.9997	1.001	1.0008	1.0009	0.9982	1.4976	0	1.0003	1.0004	1.0006	0.9982	1.0003	0.9995	1.0007	0.9984	1.0006	1.0008	0.9986	1.0006	1.0007	1.0003	1.0004	1.0003	1.0008	1.0003	1.0007	1.0008	1.0007	1.0006	1.0008	1.0007	1.0002	0.9991	0.9992	1.0009	1.0008	1.001	1.001	1.0007	0.9997	1.0009	1.0009	1.0009	1.0009	1.0009	1.0008	1.0007
  J	1.0004	0.9995	0.9987	1.0	0.9999	0.9999	0.9972	1.4963	1.0003	0	0.9994	0.9997	0.9972	0.9993	0.9985	0.9998	0.9974	0.9997	0.9998	0.9976	0.9996	0.9997	0.9993	0.9994	0.9993	0.9999	0.9993	0.9997	0.9998	0.9997	0.9997	0.9998	0.9997	0.9992	0.9981	0.9981	1.0	0.9999	1.0	1.0	0.9997	0.9987	0.9999	1.0	0.9999	0.9999	0.9999	0.9998	0.9998
  K	1.0009	1.0	0.9992	1.0005	1.0003	1.0003	0.9977	1.4973	1.0004	0.9994	0	1.0001	0.9976	0.9998	0.999	1.0002	0.9979	1.0001	1.0002	0.9981	1.0001	1.0001	0.9997	0.9998	0.9997	1.0003	0.9998	1.0002	1.0002	1.0002	1.0001	1.0002	1.0002	0.9997	0.9986	0.9986	1.0004	1.0003	1.0004	1.0005	1.0002	0.9991	1.0004	1.0004	1.0003	1.0004	1.0004	1.0002	1.0002
  L	1.0011	1.0002	0.9994	1.0007	1.0006	1.0006	0.998	1.4975	1.0006	0.9997	1.0001	0	0.9979	1.0	0.9992	1.0005	0.9982	1.0004	1.0005	0.9983	1.0003	1.0004	1.0	1.0001	1.0	1.0006	1.0001	1.0005	1.0005	1.0004	1.0004	1.0005	1.0004	0.9999	0.9988	0.9989	1.0007	1.0006	1.0007	1.0008	1.0004	0.9994	1.0006	1.0007	1.0006	1.0006	1.0006	1.0005	1.0005
  M	0.9987	0.9978	1.4962	0.9983	0.9981	0.9981	0.9954	0.9955	0.9982	0.9972	0.9976	0.9979	0	1.4974	1.4952	1.497	1.4937	1.4971	0.9981	0.9958	0.9978	0.9979	0.9975	0.9976	0.9975	0.9981	0.9975	0.9979	0.998	0.9979	0.9979	0.998	0.9979	0.9974	0.9963	0.9963	0.9982	0.9981	0.9982	0.9984	0.998	0.9969	0.9981	0.9982	0.9981	0.9981	0.9981	0.998	0.998
  N	1.0008	0.9999	0.9991	1.0003	1.0002	1.0002	0.9976	0.9977	1.0003	0.9993	0.9998	1.0	1.4974	0	0.9989	1.0001	0.9978	1.0	1.0001	0.998	1.0	1.0	0.9996	0.9997	0.9996	1.0002	0.9997	1.0001	1.0001	1.0	1.0	1.0001	1.0001	0.9995	0.9985	0.9985	1.0003	1.0002	1.0003	1.0004	1.0	0.999	1.0002	1.0003	1.0002	1.0003	1.0003	1.0001	1.0001
  O	1.0	0.9991	0.9983	0.9996	0.9994	0.9994	0.9967	0.9968	0.9995	0.9985	0.999	0.9992	1.4952	0.9989	0	0.9993	0.997	0.9992	0.9994	0.9971	0.9992	0.9992	0.9988	0.9989	0.9988	0.9994	0.9989	0.9993	0.9993	0.9993	0.9992	0.9993	0.9993	0.9988	0.9977	0.9977	0.9995	0.9994	0.9995	0.9996	0.9992	0.9982	0.9995	0.9995	0.9994	0.9995	0.9995	0.9993	0.9993
  P	1.0012	1.0003	0.9995	1.0008	1.0006	1.0007	0.998	0.9981	1.0007	0.9998	1.0002	1.0005	1.497	1.0001	0.9993	0	0.9983	1.0004	1.0006	0.9984	1.0004	1.0005	1.0001	1.0002	1.0001	1.0006	1.0001	1.0005	1.0006	1.0005	1.0004	1.0006	1.0005	1.0	0.9989	0.999	1.0008	1.0007	1.0008	1.0008	1.0005	0.9995	1.0007	1.0007	1.0007	1.0007	1.0007	1.0006	1.0006
  Q	0.9989	0.998	0.9976	0.9985	0.9983	0.9984	0.9956	0.9957	0.9984	0.9974	0.9979	0.9982	1.4937	0.9978	0.997	0.9983	0	0.9982	0.9983	0.996	0.9981	0.9982	0.9977	0.9979	0.9977	0.9983	0.9978	0.9982	0.9983	0.9982	0.9981	0.9983	0.9982	0.9977	0.9965	0.9966	0.9985	0.9984	0.9985	0.9985	0.9982	0.9971	0.9984	0.9985	0.9984	0.9984	0.9984	0.9983	0.9983
  R	1.0011	1.0002	0.9994	1.0007	1.0006	1.0006	0.9979	0.998	1.0006	0.9997	1.0001	1.0004	1.4971	1.0	0.9992	1.0004	0.9982	0	1.0005	0.9983	1.0003	1.0004	1.0	1.0001	1.0	1.0006	1.0	1.0004	1.0005	1.0004	1.0003	1.0005	1.0004	0.9999	0.9988	0.9989	1.0007	1.0006	1.0007	1.0007	1.0004	0.9994	1.0006	1.0007	1.0006	1.0006	1.0006	1.0005	1.0005
  S	1.0918	1.3769	1.0393	1.0467	1.0008	1.0008	0.9982	0.9982	1.0008	0.9998	1.0002	1.0005	0.9981	1.0001	0.9994	1.0006	0.9983	1.0005	0	1.498	1.2765	1.3358	1.2584	1.0003	1.0001	1.0007	1.0003	1.0006	1.0006	1.0005	1.0006	1.0006	1.0006	1.0001	0.999	0.999	1.0008	1.0007	1.0008	1.0664	1.1289	0.9998	1.0008	1.0008	1.0007	1.0007	1.0009	1.0008	1.0008
  T	0.9993	0.9983	0.9975	0.9988	0.9985	0.9985	0.9958	0.9959	0.9986	0.9976	0.9981	0.9983	0.9958	0.998	0.9971	0.9984	0.996	0.9983	1.498	0	0.9983	0.9984	0.998	0.998	0.9979	0.9985	0.998	0.9984	0.9984	0.9984	0.9983	0.9984	0.9984	0.9978	0.9967	0.9967	0.9986	0.9985	0.9986	0.9988	0.9985	0.9973	0.9986	0.9986	0.9985	0.9986	0.9986	0.9984	0.9984
  U	1.0012	1.0003	0.9994	1.0007	1.0005	1.0006	0.9979	0.998	1.0006	0.9996	1.0001	1.0003	0.9978	1.0	0.9992	1.0004	0.9981	1.0003	1.2765	0.9983	0	1.4436	1.0	1.0	0.9999	1.0005	1.0	1.0004	1.0004	1.0004	1.0003	1.0004	1.0004	0.9999	0.9988	0.9988	1.0006	1.0005	1.0006	1.0008	1.0005	0.9993	1.0006	1.0006	1.0005	1.0006	1.0006	1.0004	1.0004
  V	1.0013	1.0003	0.9995	1.0008	1.0006	1.0006	0.9979	0.998	1.0007	0.9997	1.0001	1.0004	0.9979	1.0	0.9992	1.0005	0.9982	1.0004	1.3358	0.9984	1.4436	0	1.0001	1.0001	1.0	1.0006	1.0001	1.0005	1.0005	1.0004	1.0004	1.0005	1.0005	0.9999	0.9988	0.9989	1.0007	1.0006	1.0007	1.0009	1.0006	0.9994	1.0006	1.0007	1.0006	1.0006	1.0007	1.0005	1.0005
  W	1.0411	1.408	1.017	1.0211	1.0002	1.0002	0.9975	0.9976	1.0003	0.9993	0.9997	1.0	0.9975	0.9996	0.9988	1.0001	0.9977	1.0	1.2584	0.998	1.0	1.0001	0	0.9998	0.9996	1.0002	0.9997	1.0	1.0001	1.0	1.0	1.0001	1.0	0.9996	0.9984	0.9984	1.0003	1.0002	1.0003	1.0299	1.0583	0.9991	1.0002	1.0003	1.0002	1.0002	1.0003	1.0002	1.0002
  X	1.001	1.5098	0.9992	1.0005	1.0003	1.0003	0.9976	0.9977	1.0004	0.9994	0.9998	1.0001	0.9976	0.9997	0.9989	1.0002	0.9979	1.0001	1.0003	0.998	1.0	1.0001	0.9998	0	1.5003	1.5007	0.9998	1.0002	1.0002	1.0001	1.0001	1.0002	1.0002	0.9997	0.9985	0.9986	1.0004	1.0003	1.0004	1.0006	1.0003	0.9991	1.0003	1.0004	1.0003	1.0003	1.0004	1.0002	1.0002
  Y	1.0008	0.9998	0.999	1.0003	1.0002	1.0002	0.9975	0.9976	1.0003	0.9993	0.9997	1.0	0.9975	0.9996	0.9988	1.0001	0.9977	1.0	1.0001	0.9979	0.9999	1.0	0.9996	1.5003	0	1.0002	0.9997	1.0001	1.0001	1.0	1.0	1.0001	1.0001	0.9995	0.9984	0.9985	1.0003	1.0002	1.0003	1.0004	1.0	0.999	1.0002	1.0003	1.0002	1.0002	1.0003	1.0001	1.0001
  Z	1.0013	1.0004	0.9996	1.0009	1.0008	1.0008	0.9981	0.9982	1.0008	0.9999	1.0003	1.0006	0.9981	1.0002	0.9994	1.0006	0.9983	1.0006	1.0007	0.9985	1.0005	1.0006	1.0002	1.5007	1.0002	0	1.0002	1.0006	1.0007	1.0006	1.0005	1.0007	1.0006	1.0001	0.999	0.9991	1.0009	1.0008	1.0009	1.0009	1.0006	0.9996	1.0008	1.0009	1.0008	1.0008	1.0008	1.0007	1.0007
  [	1.001	1.5016	0.9991	1.0005	1.0002	1.0003	0.9976	0.9977	1.0003	0.9993	0.9998	1.0001	0.9975	0.9997	0.9989	1.0001	0.9978	1.0	1.0003	0.998	1.0	1.0001	0.9997	0.9998	0.9997	1.0002	0	1.5002	1.5027	1.5042	1.0016	1.0002	1.0001	1.0004	0.9985	0.9985	1.0004	1.0004	1.0004	1.0005	1.0002	0.9991	1.0003	1.0003	1.0003	1.0003	1.0003	1.0002	1.0002
  \	1.0012	1.0003	0.9995	1.0008	1.0006	1.0007	0.998	0.9981	1.0007	0.9997	1.0002	1.0005	0.9979	1.0001	0.9993	1.0005	0.9982	1.0004	1.0006	0.9984	1.0004	1.0005	1.0	1.0002	1.0001	1.0006	1.5002	0	1.0006	1.0005	1.0004	1.0006	1.0005	1.0	0.9989	0.9989	1.0008	1.0007	1.0008	1.0008	1.0005	0.9995	1.0007	1.0007	1.0007	1.0007	1.0007	1.0006	1.0005
  ]	1.0013	1.0003	0.9995	1.0008	1.0007	1.0007	0.9981	0.9981	1.0008	0.9998	1.0002	1.0005	0.998	1.0001	0.9993	1.0006	0.9983	1.0005	1.0006	0.9984	1.0004	1.0005	1.0001	1.0002	1.0001	1.0007	1.5027	1.0006	0	1.0005	1.0005	1.0006	1.0006	1.0	0.9989	0.999	1.0008	1.0007	1.0008	1.0009	1.0005	0.9995	1.0007	1.0008	1.0007	1.0007	1.0008	1.0006	1.0006
  ^	1.0012	1.0003	0.9994	1.0008	1.0006	1.0006	0.998	0.998	1.0007	0.9997	1.0002	1.0004	0.9979	1.0	0.9993	1.0005	0.9982	1.0004	1.0005	0.9984	1.0004	1.0004	1.0	1.0001	1.0	1.0006	1.5042	1.0005	1.0005	0	1.0004	1.0005	1.0005	0.9999	0.9989	0.9989	1.0007	1.0006	1.0007	1.0008	1.0005	0.9994	1.0006	1.0007	1.0006	1.0007	1.0007	1.0005	1.0005
  _	1.0013	1.501	0.9994	1.0008	1.0005	1.0006	0.9979	0.998	1.0006	0.9997	1.0001	1.0004	0.9979	1.0	0.9992	1.0004	0.9981	1.0003	1.0006	0.9983	1.0003	1.0004	1.0	1.0001	1.0	1.0005	1.0016	1.0004	1.0005	1.0004	0	1.5014	1.5012	1.0004	0.9988	0.9988	1.0007	1.0006	1.0007	1.0008	1.0005	0.9994	1.0006	1.0006	1.0006	1.0006	1.0006	1.0005	1.0005
  `	1.0013	1.0008	0.9995	1.0008	1.0007	1.0007	0.998	0.9981	1.0008	0.9998	1.0002	1.0005	0.998	1.0001	0.9993	1.0006	0.9983	1.0005	1.0006	0.9984	1.0004	1.0005	1.0001	1.0002	1.0001	1.0007	1.0002	1.0006	1.0006	1.0005	1.5014	0	1.0006	1.0	0.9989	0.999	1.0008	1.0007	1.0008	1.0009	1.0005	0.9995	1.0007	1.0008	1.0007	1.0007	1.0008	1.0006	1.0006
  a	1.0012	1.0003	0.9995	1.0008	1.0006	1.0007	0.998	0.9981	1.0007	0.9997	1.0002	1.0004	0.9979	1.0001	0.9993	1.0005	0.9982	1.0004	1.0006	0.9984	1.0004	1.0005	1.0	1.0002	1.0001	1.0006	1.0001	1.0005	1.0006	1.0005	1.5012	1.0006	0	1.0	0.9989	0.9989	1.0007	1.0007	1.0008	1.0008	1.0005	0.9994	1.0007	1.0007	1.0007	1.0007	1.0007	1.0006	1.0005
  b	1.0008	1.4835	0.999	1.0003	1.0001	1.0001	0.9975	0.9975	1.0002	0.9992	0.9997	0.9999	0.9974	0.9995	0.9988	1.0	0.9977	0.9999	1.0001	0.9978	0.9999	0.9999	0.9996	0.9997	0.9995	1.0001	1.0004	1.0	1.0	0.9999	1.0004	1.0	1.0	0	1.4289	1.1352	1.1207	1.2995	1.165	1.0004	1.0001	0.9989	1.0001	1.0002	1.0001	1.0001	1.0002	1.0	1.0
  c	0.9995	0.9987	0.9979	0.9992	0.999	0.999	0.9963	0.9964	0.9991	0.9981	0.9986	0.9988	0.9963	0.9985	0.9977	0.9989	0.9965	0.9988	0.999	0.9967	0.9988	0.9988	0.9984	0.9985	0.9984	0.999	0.9985	0.9989	0.9989	0.9989	0.9988	0.9989	0.9989	1.4289	0	1.4731	0.9992	0.9991	0.9992	0.9992	0.9988	0.9978	0.9991	0.9991	0.999	0.9991	0.9991	0.9989	0.9989
  d	0.9996	0.9987	0.9979	0.9992	0.9991	0.9991	0.9963	0.9965	0.9992	0.9981	0.9986	0.9989	0.9963	0.9985	0.9977	0.999	0.9966	0.9989	0.999	0.9967	0.9988	0.9989	0.9984	0.9986	0.9985	0.9991	0.9985	0.9989	0.999	0.9989	0.9988	0.999	0.9989	1.1352	1.4731	0	0.9992	0.9991	0.9992	0.9992	0.9989	0.9979	0.9991	0.9992	0.9991	0.9991	0.9991	0.999	0.999
  e	1.0015	1.0287	0.9997	1.001	1.0009	1.0009	0.9982	0.9983	1.0009	1.0	1.0004	1.0007	0.9982	1.0003	0.9995	1.0008	0.9985	1.0007	1.0008	0.9986	1.0006	1.0007	1.0003	1.0004	1.0003	1.0009	1.0004	1.0008	1.0008	1.0007	1.0007	1.0008	1.0007	1.1207	0.9992	0.9992	0	1.3206	1.1713	1.0011	1.0007	0.9997	1.0009	1.001	1.0009	1.0009	1.0009	1.0008	1.0008
  f	1.0014	1.0782	0.9996	1.0009	1.0008	1.0008	0.9981	0.9982	1.0008	0.9999	1.0003	1.0006	0.9981	1.0002	0.9994	1.0007	0.9984	1.0006	1.0007	0.9985	1.0005	1.0006	1.0002	1.0003	1.0002	1.0008	1.0004	1.0007	1.0007	1.0006	1.0006	1.0007	1.0007	1.2995	0.9991	0.9991	1.3206	0	1.3866	1.001	1.0006	0.9996	1.0008	1.0009	1.0008	1.0008	1.0008	1.0007	1.0007
  g	1.0015	1.0416	0.9997	1.001	1.0009	1.0009	0.9983	0.9983	1.001	1.0	1.0004	1.0007	0.9982	1.0003	0.9995	1.0008	0.9985	1.0007	1.0008	0.9986	1.0006	1.0007	1.0003	1.0004	1.0003	1.0009	1.0004	1.0008	1.0008	1.0007	1.0007	1.0008	1.0008	1.165	0.9992	0.9992	1.1713	1.3866	0	1.0011	1.0007	0.9997	1.0009	1.001	1.0009	1.0009	1.001	1.0008	1.0008
  h	1.087	1.0506	1.0741	1.0867	1.0011	1.0011	0.9984	0.9985	1.001	1.0	1.0005	1.0008	0.9984	1.0004	0.9996	1.0008	0.9985	1.0007	1.0664	0.9988	1.0008	1.0009	1.0299	1.0006	1.0004	1.0009	1.0005	1.0008	1.0009	1.0008	1.0008	1.0009	1.0008	1.0004	0.9992	0.9992	1.0011	1.001	1.0011	0	1.3626	1.0001	1.0011	1.0011	1.001	1.001	1.0012	1.0011	1.0011
  i	1.1874	1.0987	1.1415	1.1643	1.0008	1.0008	0.9981	0.9982	1.0007	0.9997	1.0002	1.0004	0.998	1.0	0.9992	1.0005	0.9982	1.0004	1.1289	0.9985	1.0005	1.0006	1.0583	1.0003	1.0	1.0006	1.0002	1.0005	1.0005	1.0005	1.0005	1.0005	1.0005	1.0001	0.9988	0.9989	1.0007	1.0006	1.0007	1.3626	0	1.8972	1.1065	1.0761	1.0007	1.0007	1.3918	1.502	1.5022
  j	1.0008	0.9995	0.9987	1.0	0.9996	0.9996	0.9969	0.997	0.9997	0.9987	0.9991	0.9994	0.9969	0.999	0.9982	0.9995	0.9971	0.9994	0.9998	0.9973	0.9993	0.9994	0.9991	0.9991	0.999	0.9996	0.9991	0.9995	0.9995	0.9994	0.9994	0.9995	0.9994	0.9989	0.9978	0.9979	0.9997	0.9996	0.9997	1.0001	1.8972	0	1.3987	1.3343	1.5001	1.4995	1.1972	0.9995	0.9995
  k	1.0015	1.0005	0.9997	1.001	1.0008	1.0008	0.9982	0.9983	1.0009	0.9999	1.0004	1.0006	0.9981	1.0002	0.9995	1.0007	0.9984	1.0006	1.0008	0.9986	1.0006	1.0006	1.0002	1.0003	1.0002	1.0008	1.0003	1.0007	1.0007	1.0006	1.0006	1.0007	1.0007	1.0001	0.9991	0.9991	1.0009	1.0008	1.0009	1.0011	1.1065	1.3987	0	1.1565	1.0009	1.0009	1.0009	1.0007	1.0007
  l	1.0015	1.0005	0.9997	1.001	1.0009	1.0009	0.9982	0.9983	1.0009	1.0	1.0004	1.0007	0.9982	1.0003	0.9995	1.0007	0.9985	1.0007	1.0008	0.9986	1.0006	1.0007	1.0003	1.0004	1.0003	1.0009	1.0003	1.0007	1.0008	1.0007	1.0006	1.0008	1.0007	1.0002	0.9991	0.9992	1.001	1.0009	1.001	1.0011	1.0761	1.3343	1.1565	0	1.0009	1.0009	1.001	1.0008	1.0008
  m	1.0014	1.0004	0.9996	1.0009	1.0008	1.0008	0.9982	0.9982	1.0009	0.9999	1.0003	1.0006	0.9981	1.0002	0.9994	1.0007	0.9984	1.0006	1.0007	0.9985	1.0005	1.0006	1.0002	1.0003	1.0002	1.0008	1.0003	1.0007	1.0007	1.0006	1.0006	1.0007	1.0007	1.0001	0.999	0.9991	1.0009	1.0008	1.0009	1.001	1.0007	1.5001	1.0009	1.0009	0	1.0008	1.0009	1.0007	1.0007
  n	1.0014	1.0005	0.9996	1.001	1.0008	1.0008	0.9982	0.9983	1.0009	0.9999	1.0004	1.0006	0.9981	1.0003	0.9995	1.0007	0.9984	1.0006	1.0007	0.9986	1.0006	1.0006	1.0002	1.0003	1.0002	1.0008	1.0003	1.0007	1.0007	1.0007	1.0006	1.0007	1.0007	1.0001	0.9991	0.9991	1.0009	1.0008	1.0009	1.001	1.0007	1.4995	1.0009	1.0009	1.0008	0	1.0009	1.0007	1.0007
  o	1.0017	1.0006	0.9998	1.0011	1.0008	1.0009	0.9982	0.9983	1.0009	0.9999	1.0004	1.0006	0.9981	1.0003	0.9995	1.0007	0.9984	1.0006	1.0009	0.9986	1.0006	1.0007	1.0003	1.0004	1.0003	1.0008	1.0003	1.0007	1.0008	1.0007	1.0006	1.0008	1.0007	1.0002	0.9991	0.9991	1.0009	1.0008	1.001	1.0012	1.3918	1.1972	1.0009	1.001	1.0009	1.0009	0	1.0008	1.0008
  p	1.0017	1.0005	0.9997	1.001	1.0007	1.0007	0.9981	0.9981	1.0008	0.9998	1.0002	1.0005	0.998	1.0001	0.9993	1.0006	0.9983	1.0005	1.0008	0.9984	1.0004	1.0005	1.0002	1.0002	1.0001	1.0007	1.0002	1.0006	1.0006	1.0005	1.0005	1.0006	1.0006	1.0	0.9989	0.999	1.0008	1.0007	1.0008	1.0011	1.502	0.9995	1.0007	1.0008	1.0007	1.0007	1.0008	0	1.0006
  q	1.0017	1.0005	0.9997	1.001	1.0007	1.0007	0.998	0.9981	1.0007	0.9998	1.0002	1.0005	0.998	1.0001	0.9993	1.0006	0.9983	1.0005	1.0008	0.9984	1.0004	1.0005	1.0002	1.0002	1.0001	1.0007	1.0002	1.0005	1.0006	1.0005	1.0005	1.0006	1.0005	1.0	0.9989	0.999	1.0008	1.0007	1.0008	1.0011	1.5022	0.9995	1.0007	1.0008	1.0007	1.0007	1.0008	1.0006	0

Actual rates from j->i (Q_ij):
	A	B	C	D	E	F	G	H	I	J	K	L	M	N	O	P	Q	R	S	T	U	V	W	X	Y	Z	[	\	]	^	_	`	a	b	c	d	e	f	g	h	i	j	k	l	m	n	o	p	q
  A	0	0.0224	0.022	0.0222	0.021	0.021	0.0209	0.0209	0.021	0.021	0.021	0.021	0.0209	0.021	0.0209	0.021	0.0209	0.021	0.0229	0.0209	0.021	0.021	0.0218	0.021	0.021	0.021	0.021	0.021	0.021	0.021	0.021	0.021	0.021	0.021	0.0209	0.0209	0.021	0.021	0.021	0.0228	0.0249	0.021	0.021	0.021	0.021	0.021	0.021	0.021	0.021
  B	0.0216	0	0.0208	0.0209	0.0202	0.0202	0.0201	0.0201	0.0202	0.0202	0.0202	0.0202	0.0201	0.0202	0.0202	0.0202	0.0201	0.0202	0.0278	0.0201	0.0202	0.0202	0.0284	0.0305	0.0202	0.0202	0.0303	0.0202	0.0202	0.0202	0.0303	0.0202	0.0202	0.0299	0.0202	0.0202	0.0208	0.0218	0.021	0.0212	0.0222	0.0202	0.0202	0.0202	0.0202	0.0202	0.0202	0.0202	0.0202
  C	0.0208	0.0204	0	0.0305	0.0198	0.0198	0.0296	0.0296	0.0198	0.0198	0.0198	0.0198	0.0296	0.0198	0.0197	0.0198	0.0197	0.0198	0.0206	0.0197	0.0198	0.0198	0.0201	0.0198	0.0198	0.0198	0.0198	0.0198	0.0198	0.0198	0.0198	0.0198	0.0198	0.0198	0.0197	0.0197	0.0198	0.0198	0.0198	0.0212	0.0226	0.0198	0.0198	0.0198	0.0198	0.0198	0.0198	0.0198	0.0198
  D	0.0215	0.021	0.0312	0	0.0296	0.0296	0.0202	0.0202	0.0203	0.0202	0.0202	0.0203	0.0202	0.0202	0.0202	0.0203	0.0202	0.0203	0.0212	0.0202	0.0203	0.0203	0.0207	0.0202	0.0202	0.0203	0.0202	0.0203	0.0203	0.0203	0.0203	0.0203	0.0203	0.0202	0.0202	0.0202	0.0203	0.0203	0.0203	0.022	0.0236	0.0202	0.0203	0.0203	0.0203	0.0203	0.0203	0.0203	0.0203
  E	0.0205	0.0204	0.0204	0.0299	0	0.0222	0.0204	0.0204	0.0204	0.0204	0.0204	0.0204	0.0204	0.0204	0.0204	0.0204	0.0204	0.0204	0.0204	0.0204	0.0204	0.0204	0.0204	0.0204	0.0204	0.0204	0.0204	0.0204	0.0204	0.0204	0.0204	0.0204	0.0204	0.0204	0.0204	0.0204	0.0204	0.0204	0.0204	0.0204	0.0204	0.0204	0.0204	0.0204	0.0204	0.0204	0.0204	0.0204	0.0204
  F	0.0204	0.0204	0.0204	0.0299	0.0222	0	0.0204	0.0204	0.0204	0.0204	0.0204	0.0204	0.0204	0.0204	0.0204	0.0204	0.0204	0.0204	0.0204	0.0204	0.0204	0.0204	0.0204	0.0204	0.0204	0.0204	0.0204	0.0204	0.0204	0.0204	0.0204	0.0204	0.0204	0.0204	0.0204	0.0204	0.0204	0.0204	0.0204	0.0204	0.0204	0.0204	0.0204	0.0204	0.0204	0.0204	0.0204	0.0204	0.0204
  G	0.0209	0.0209	0.0313	0.0209	0.0209	0.0209	0	0.0208	0.0209	0.0209	0.0209	0.0209	0.0208	0.0209	0.0209	0.0209	0.0208	0.0209	0.0209	0.0208	0.0209	0.0209	0.0209	0.0209	0.0209	0.0209	0.0209	0.0209	0.0209	0.0209	0.0209	0.0209	0.0209	0.0209	0.0208	0.0208	0.0209	0.0209	0.0209	0.0209	0.0209	0.0209	0.0209	0.0209	0.0209	0.0209	0.0209	0.0209	0.0209
  H	0.0207	0.0206	0.0309	0.0206	0.0206	0.0206	0.0206	0	0.031	0.0309	0.031	0.031	0.0206	0.0206	0.0206	0.0206	0.0206	0.0206	0.0206	0.0206	0.0206	0.0206	0.0206	0.0206	0.0206	0.0206	0.0206	0.0206	0.0206	0.0206	0.0206	0.0206	0.0206	0.0206	0.0206	0.0206	0.0206	0.0206	0.0206	0.0206	0.0206	0.0206	0.0206	0.0206	0.0206	0.0206	0.0206	0.0206	0.0206
  I	0.0202	0.0202	0.0201	0.0202	0.0202	0.0202	0.0201	0.0302	0	0.0202	0.0202	0.0202	0.0201	0.0202	0.0201	0.0202	0.0201	0.0202	0.0202	0.0201	0.0202	0.0202	0.0202	0.0202	0.0202	0.0202	0.0202	0.0202	0.0202	0.0202	0.0202	0.0202	0.0202	0.0202	0.0201	0.0201	0.0202	0.0202	0.0202	0.0202	0.0202	0.0201	0.0202	0.0202	0.0202	0.0202	0.0202	0.0202	0.0202
  J	0.0204	0.0204	0.0204	0.0204	0.0204	0.0204	0.0203	0.0305	0.0204	0	0.0204	0.0204	0.0203	0.0204	0.0204	0.0204	0.0203	0.0204	0.0204	0.0203	0.0204	0.0204	0.0204	0.0204	0.0204	0.0204	0.0204	0.0204	0.0204	0.0204	0.0204	0.0204	0.0204	0.0204	0.0203	0.0203	0.0204	0.0204	0.0204	0.0204	0.0204	0.0204	0.0204	0.0204	0.0204	0.0204	0.0204	0.0204	0.0204
  K	0.0203	0.0203	0.0203	0.0203	0.0203	0.0203	0.0202	0.0304	0.0203	0.0203	0	0.0203	0.0202	0.0203	0.0203	0.0203	0.0202	0.0203	0.0203	0.0202	0.0203	0.0203	0.0203	0.0203	0.0203	0.0203	0.0203	0.0203	0.0203	0.0203	0.0203	0.0203	0.0203	0.0203	0.0202	0.0202	0.0203	0.0203	0.0203	0.0203	0.0203	0.0203	0.0203	0.0203	0.0203	0.0203	0.0203	0.0203	0.0203
  L	0.0202	0.0202	0.0202	0.0202	0.0202	0.0202	0.0202	0.0303	0.0202	0.0202	0.0202	0	0.0202	0.0202	0.0202	0.0202	0.0202	0.0202	0.0202	0.0202	0.0202	0.0202	0.0202	0.0202	0.0202	0.0202	0.0202	0.0202	0.0202	0.0202	0.0202	0.0202	0.0202	0.0202	0.0202	0.0202	0.0202	0.0202	0.0202	0.0202	0.0202	0.0202	0.0202	0.0202	0.0202	0.0202	0.0202	0.0202	0.0202
  M	0.0203	0.0203	0.0304	0.0203	0.0203	0.0203	0.0202	0.0202	0.0203	0.0203	0.0203	0.0203	0	0.0304	0.0304	0.0304	0.0304	0.0304	0.0203	0.0202	0.0203	0.0203	0.0203	0.0203	0.0203	0.0203	0.0203	0.0203	0.0203	0.0203	0.0203	0.0203	0.0203	0.0203	0.0202	0.0202	0.0203	0.0203	0.0203	0.0203	0.0203	0.0203	0.0203	0.0203	0.0203	0.0203	0.0203	0.0203	0.0203
  N	0.0203	0.0203	0.0203	0.0203	0.0203	0.0203	0.0202	0.0202	0.0203	0.0203	0.0203	0.0203	0.0304	0	0.0203	0.0203	0.0202	0.0203	0.0203	0.0202	0.0203	0.0203	0.0203	0.0203	0.0203	0.0203	0.0203	0.0203	0.0203	0.0203	0.0203	0.0203	0.0203	0.0203	0.0203	0.0203	0.0203	0.0203	0.0203	0.0203	0.0203	0.0203	0.0203	0.0203	0.0203	0.0203	0.0203	0.0203	0.0203
  O	0.0205	0.0205	0.0204	0.0205	0.0205	0.0205	0.0204	0.0204	0.0205	0.0204	0.0205	0.0205	0.0306	0.0205	0	0.0205	0.0204	0.0205	0.0205	0.0204	0.0205	0.0205	0.0205	0.0205	0.0205	0.0205	0.0205	0.0205	0.0205	0.0205	0.0205	0.0205	0.0205	0.0205	0.0204	0.0204	0.0205	0.0205	0.0205	0.0205	0.0205	0.0204	0.0205	0.0205	0.0205	0.0205	0.0205	0.0205	0.0205
  P	0.0202	0.0202	0.0202	0.0202	0.0202	0.0202	0.0201	0.0201	0.0202	0.0202	0.0202	0.0202	0.0302	0.0202	0.0202	0	0.0201	0.0202	0.0202	0.0201	0.0202	0.0202	0.0202	0.0202	0.0202	0.0202	0.0202	0.0202	0.0202	0.0202	0.0202	0.0202	0.0202	0.0202	0.0202	0.0202	0.0202	0.0202	0.0202	0.0202	0.0202	0.0202	0.0202	0.0202	0.0202	0.0202	0.0202	0.0202	0.0202
  Q	0.0207	0.0207	0.0207	0.0207	0.0207	0.0207	0.0207	0.0207	0.0207	0.0207	0.0207	0.0207	0.031	0.0207	0.0207	0.0207	0	0.0207	0.0207	0.0207	0.0207	0.0207	0.0207	0.0207	0.0207	0.0207	0.0207	0.0207	0.0207	0.0207	0.0207	0.0207	0.0207	0.0207	0.0207	0.0207	0.0207	0.0207	0.0207	0.0207	0.0207	0.0207	0.0207	0.0207	0.0207	0.0207	0.0207	0.0207	0.0207
  R	0.0202	0.0202	0.0202	0.0202	0.0202	0.0202	0.0202	0.0202	0.0202	0.0202	0.0202	0.0202	0.0302	0.0202	0.0202	0.0202	0.0202	0	0.0202	0.0202	0.0202	0.0202	0.0202	0.0202	0.0202	0.0202	0.0202	0.0202	0.0202	0.0202	0.0202	0.0202	0.0202	0.0202	0.0202	0.0202	0.0202	0.0202	0.0202	0.0202	0.0202	0.0202	0.0202	0.0202	0.0202	0.0202	0.0202	0.0202	0.0202
  S	0.022	0.0277	0.0209	0.021	0.0201	0.0201	0.0201	0.0201	0.0201	0.0201	0.0201	0.0201	0.0201	0.0201	0.0201	0.0201	0.0201	0.0201	0	0.0301	0.0257	0.0269	0.0253	0.0201	0.0201	0.0201	0.0201	0.0201	0.0201	0.0201	0.0201	0.0201	0.0201	0.0201	0.0201	0.0201	0.0201	0.0201	0.0201	0.0214	0.0227	0.0201	0.0201	0.0201	0.0201	0.0201	0.0201	0.0201	0.0201
  T	0.0209	0.0209	0.0209	0.0209	0.0209	0.0209	0.0208	0.0208	0.0209	0.0209	0.0209	0.0209	0.0208	0.0209	0.0208	0.0209	0.0208	0.0209	0.0313	0	0.0209	0.0209	0.0209	0.0209	0.0209	0.0209	0.0209	0.0209	0.0209	0.0209	0.0209	0.0209	0.0209	0.0209	0.0208	0.0208	0.0209	0.0209	0.0209	0.0209	0.0209	0.0209	0.0209	0.0209	0.0209	0.0209	0.0209	0.0209	0.0209
  U	0.0205	0.0205	0.0205	0.0205	0.0205	0.0205	0.0204	0.0204	0.0205	0.0205	0.0205	0.0205	0.0204	0.0205	0.0205	0.0205	0.0204	0.0205	0.0261	0.0204	0	0.0296	0.0205	0.0205	0.0205	0.0205	0.0205	0.0205	0.0205	0.0205	0.0205	0.0205	0.0205	0.0205	0.0205	0.0205	0.0205	0.0205	0.0205	0.0205	0.0205	0.0205	0.0205	0.0205	0.0205	0.0205	0.0205	0.0205	0.0205
  V	0.0205	0.0204	0.0204	0.0205	0.0205	0.0205	0.0204	0.0204	0.0205	0.0204	0.0204	0.0205	0.0204	0.0204	0.0204	0.0205	0.0204	0.0205	0.0273	0.0204	0.0295	0	0.0204	0.0204	0.0204	0.0205	0.0204	0.0205	0.0205	0.0205	0.0204	0.0205	0.0205	0.0204	0.0204	0.0204	0.0205	0.0205	0.0205	0.0205	0.0205	0.0204	0.0205	0.0205	0.0205	0.0205	0.0205	0.0205	0.0205
  W	0.0213	0.0289	0.0209	0.0209	0.0205	0.0205	0.0205	0.0205	0.0205	0.0205	0.0205	0.0205	0.0205	0.0205	0.0205	0.0205	0.0205	0.0205	0.0258	0.0205	0.0205	0.0205	0	0.0205	0.0205	0.0205	0.0205	0.0205	0.0205	0.0205	0.0205	0.0205	0.0205	0.0205	0.0205	0.0205	0.0205	0.0205	0.0205	0.0211	0.0217	0.0205	0.0205	0.0205	0.0205	0.0205	0.0205	0.0205	0.0205
  X	0.0204	0.0308	0.0204	0.0204	0.0204	0.0204	0.0203	0.0203	0.0204	0.0204	0.0204	0.0204	0.0203	0.0204	0.0203	0.0204	0.0203	0.0204	0.0204	0.0203	0.0204	0.0204	0.0204	0	0.0306	0.0306	0.0204	0.0204	0.0204	0.0204	0.0204	0.0204	0.0204	0.0204	0.0203	0.0203	0.0204	0.0204	0.0204	0.0204	0.0204	0.0204	0.0204	0.0204	0.0204	0.0204	0.0204	0.0204	0.0204
  Y	0.0206	0.0206	0.0205	0.0206	0.0206	0.0206	0.0205	0.0205	0.0206	0.0205	0.0205	0.0206	0.0205	0.0205	0.0205	0.0206	0.0205	0.0206	0.0206	0.0205	0.0206	0.0206	0.0205	0.0308	0	0.0206	0.0205	0.0206	0.0206	0.0206	0.0206	0.0206	0.0206	0.0205	0.0205	0.0205	0.0206	0.0206	0.0206	0.0206	0.0206	0.0205	0.0206	0.0206	0.0206	0.0206	0.0206	0.0206	0.0206
  Z	0.0204	0.0204	0.0204	0.0204	0.0204	0.0204	0.0204	0.0204	0.0204	0.0204	0.0204	0.0204	0.0204	0.0204	0.0204	0.0204	0.0204	0.0204	0.0204	0.0204	0.0204	0.0204	0.0204	0.0306	0.0204	0	0.0204	0.0204	0.0204	0.0204	0.0204	0.0204	0.0204	0.0204	0.0204	0.0204	0.0204	0.0204	0.0204	0.0204	0.0204	0.0204	0.0204	0.0204	0.0204	0.0204	0.0204	0.0204	0.0204
  [	0.0204	0.0306	0.0204	0.0204	0.0204	0.0204	0.0203	0.0203	0.0204	0.0204	0.0204	0.0204	0.0203	0.0204	0.0204	0.0204	0.0203	0.0204	0.0204	0.0204	0.0204	0.0204	0.0204	0.0204	0.0204	0.0204	0	0.0306	0.0306	0.0307	0.0204	0.0204	0.0204	0.0204	0.0204	0.0204	0.0204	0.0204	0.0204	0.0204	0.0204	0.0204	0.0204	0.0204	0.0204	0.0204	0.0204	0.0204	0.0204
  \	0.0205	0.0204	0.0204	0.0205	0.0204	0.0204	0.0204	0.0204	0.0204	0.0204	0.0204	0.0204	0.0204	0.0204	0.0204	0.0204	0.0204	0.0204	0.0204	0.0204	0.0204	0.0204	0.0204	0.0204	0.0204	0.0204	0.0307	0	0.0204	0.0204	0.0204	0.0204	0.0204	0.0204	0.0204	0.0204	0.0205	0.0204	0.0205	0.0205	0.0204	0.0204	0.0204	0.0204	0.0204	0.0204	0.0204	0.0204	0.0204
  ]	0.0205	0.0204	0.0204	0.0204	0.0204	0.0204	0.0204	0.0204	0.0204	0.0204	0.0204	0.0204	0.0204	0.0204	0.0204	0.0204	0.0204	0.0204	0.0204	0.0204	0.0204	0.0204	0.0204	0.0204	0.0204	0.0204	0.0307	0.0204	0	0.0204	0.0204	0.0204	0.0204	0.0204	0.0204	0.0204	0.0204	0.0204	0.0204	0.0204	0.0204	0.0204	0.0204	0.0204	0.0204	0.0204	0.0204	0.0204	0.0204
  ^	0.0205	0.0205	0.0204	0.0205	0.0205	0.0205	0.0204	0.0204	0.0205	0.0204	0.0204	0.0205	0.0204	0.0204	0.0204	0.0205	0.0204	0.0205	0.0205	0.0204	0.0205	0.0205	0.0204	0.0204	0.0204	0.0205	0.0308	0.0205	0.0205	0	0.0205	0.0205	0.0205	0.0204	0.0204	0.0204	0.0205	0.0205	0.0205	0.0205	0.0205	0.0204	0.0205	0.0205	0.0205	0.0205	0.0205	0.0205	0.0205
  _	0.0204	0.0305	0.0203	0.0204	0.0204	0.0204	0.0203	0.0203	0.0204	0.0203	0.0203	0.0204	0.0203	0.0203	0.0203	0.0204	0.0203	0.0204	0.0204	0.0203	0.0204	0.0204	0.0203	0.0203	0.0203	0.0204	0.0204	0.0204	0.0204	0.0204	0	0.0305	0.0305	0.0204	0.0203	0.0203	0.0204	0.0204	0.0204	0.0204	0.0204	0.0203	0.0204	0.0204	0.0204	0.0204	0.0204	0.0204	0.0204
  `	0.0205	0.0205	0.0204	0.0205	0.0205	0.0205	0.0204	0.0204	0.0205	0.0205	0.0205	0.0205	0.0204	0.0205	0.0204	0.0205	0.0204	0.0205	0.0205	0.0204	0.0205	0.0205	0.0205	0.0205	0.0205	0.0205	0.0205	0.0205	0.0205	0.0205	0.0307	0	0.0205	0.0205	0.0204	0.0204	0.0205	0.0205	0.0205	0.0205	0.0205	0.0204	0.0205	0.0205	0.0205	0.0205	0.0205	0.0205	0.0205
  a	0.0205	0.0205	0.0205	0.0205	0.0205	0.0205	0.0204	0.0204	0.0205	0.0205	0.0205	0.0205	0.0204	0.0205	0.0205	0.0205	0.0204	0.0205	0.0205	0.0204	0.0205	0.0205	0.0205	0.0205	0.0205	0.0205	0.0205	0.0205	0.0205	0.0205	0.0307	0.0205	0	0.0205	0.0205	0.0205	0.0205	0.0205	0.0205	0.0205	0.0205	0.0205	0.0205	0.0205	0.0205	0.0205	0.0205	0.0205	0.0205
  b	0.0203	0.0301	0.0203	0.0203	0.0203	0.0203	0.0203	0.0203	0.0203	0.0203	0.0203	0.0203	0.0202	0.0203	0.0203	0.0203	0.0203	0.0203	0.0203	0.0203	0.0203	0.0203	0.0203	0.0203	0.0203	0.0203	0.0203	0.0203	0.0203	0.0203	0.0203	0.0203	0.0203	0	0.029	0.023	0.0228	0.0264	0.0237	0.0203	0.0203	0.0203	0.0203	0.0203	0.0203	0.0203	0.0203	0.0203	0.0203
  c	0.0206	0.0206	0.0206	0.0206	0.0206	0.0206	0.0206	0.0206	0.0206	0.0206	0.0206	0.0206	0.0206	0.0206	0.0206	0.0206	0.0206	0.0206	0.0206	0.0206	0.0206	0.0206	0.0206	0.0206	0.0206	0.0206	0.0206	0.0206	0.0206	0.0206	0.0206	0.0206	0.0206	0.0295	0	0.0304	0.0206	0.0206	0.0206	0.0206	0.0206	0.0206	0.0206	0.0206	0.0206	0.0206	0.0206	0.0206	0.0206
  d	0.0207	0.0207	0.0206	0.0207	0.0207	0.0207	0.0206	0.0206	0.0207	0.0206	0.0207	0.0207	0.0206	0.0207	0.0206	0.0207	0.0206	0.0207	0.0207	0.0206	0.0207	0.0207	0.0206	0.0207	0.0207	0.0207	0.0207	0.0207	0.0207	0.0207	0.0207	0.0207	0.0207	0.0235	0.0305	0	0.0207	0.0207	0.0207	0.0207	0.0207	0.0206	0.0207	0.0207	0.0207	0.0207	0.0207	0.0207	0.0207
  e	0.0205	0.021	0.0204	0.0205	0.0204	0.0204	0.0204	0.0204	0.0204	0.0204	0.0204	0.0204	0.0204	0.0204	0.0204	0.0204	0.0204	0.0204	0.0204	0.0204	0.0204	0.0204	0.0204	0.0204	0.0204	0.0204	0.0204	0.0204	0.0204	0.0204	0.0204	0.0204	0.0204	0.0229	0.0204	0.0204	0	0.027	0.0239	0.0205	0.0204	0.0204	0.0204	0.0204	0.0204	0.0204	0.0204	0.0204	0.0204
  f	0.0205	0.022	0.0204	0.0205	0.0205	0.0205	0.0204	0.0204	0.0205	0.0204	0.0204	0.0205	0.0204	0.0204	0.0204	0.0205	0.0204	0.0205	0.0205	0.0204	0.0205	0.0205	0.0204	0.0204	0.0204	0.0205	0.0205	0.0205	0.0205	0.0205	0.0205	0.0205	0.0205	0.0266	0.0204	0.0204	0.027	0	0.0283	0.0205	0.0205	0.0204	0.0205	0.0205	0.0205	0.0205	0.0205	0.0205	0.0205
  g	0.0204	0.0213	0.0204	0.0204	0.0204	0.0204	0.0204	0.0204	0.0204	0.0204	0.0204	0.0204	0.0204	0.0204	0.0204	0.0204	0.0204	0.0204	0.0204	0.0204	0.0204	0.0204	0.0204	0.0204	0.0204	0.0204	0.0204	0.0204	0.0204	0.0204	0.0204	0.0204	0.0204	0.0238	0.0204	0.0204	0.0239	0.0283	0	0.0204	0.0204	0.0204	0.0204	0.0204	0.0204	0.0204	0.0204	0.0204	0.0204
  h	0.0221	0.0214	0.0219	0.0221	0.0204	0.0204	0.0203	0.0203	0.0204	0.0204	0.0204	0.0204	0.0203	0.0204	0.0203	0.0204	0.0203	0.0204	0.0217	0.0203	0.0204	0.0204	0.021	0.0204	0.0204	0.0204	0.0204	0.0204	0.0204	0.0204	0.0204	0.0204	0.0204	0.0204	0.0203	0.0203	0.0204	0.0204	0.0204	0	0.0277	0.0204	0.0204	0.0204	0.0204	0.0204	0.0204	0.0204	0.0204
  i	0.0245	0.0226	0.0235	0.024	0.0206	0.0206	0.0206	0.0206	0.0206	0.0206	0.0206	0.0206	0.0206	0.0206	0.0206	0.0206	0.0206	0.0206	0.0233	0.0206	0.0206	0.0206	0.0218	0.0206	0.0206	0.0206	0.0206	0.0206	0.0206	0.0206	0.0206	0.0206	0.0206	0.0206	0.0206	0.0206	0.0206	0.0206	0.0206	0.0281	0	0.0391	0.0228	0.0222	0.0206	0.0206	0.0287	0.0309	0.0309
  j	0.0205	0.0204	0.0204	0.0204	0.0204	0.0204	0.0204	0.0204	0.0204	0.0204	0.0204	0.0204	0.0204	0.0204	0.0204	0.0204	0.0204	0.0204	0.0204	0.0204	0.0204	0.0204	0.0204	0.0204	0.0204	0.0204	0.0204	0.0204	0.0204	0.0204	0.0204	0.0204	0.0204	0.0204	0.0204	0.0204	0.0204	0.0204	0.0204	0.0204	0.0388	0	0.0286	0.0273	0.0307	0.0306	0.0245	0.0204	0.0204
  k	0.0204	0.0203	0.0203	0.0203	0.0203	0.0203	0.0203	0.0203	0.0203	0.0203	0.0203	0.0203	0.0203	0.0203	0.0203	0.0203	0.0203	0.0203	0.0203	0.0203	0.0203	0.0203	0.0203	0.0203	0.0203	0.0203	0.0203	0.0203	0.0203	0.0203	0.0203	0.0203	0.0203	0.0203	0.0203	0.0203	0.0203	0.0203	0.0203	0.0203	0.0225	0.0284	0	0.0235	0.0203	0.0203	0.0203	0.0203	0.0203
  l	0.0204	0.0203	0.0203	0.0203	0.0203	0.0203	0.0203	0.0203	0.0203	0.0203	0.0203	0.0203	0.0203	0.0203	0.0203	0.0203	0.0203	0.0203	0.0203	0.0203	0.0203	0.0203	0.0203	0.0203	0.0203	0.0203	0.0203	0.0203	0.0203	0.0203	0.0203	0.0203	0.0203	0.0203	0.0203	0.0203	0.0203	0.0203	0.0203	0.0204	0.0219	0.0271	0.0235	0	0.0203	0.0203	0.0203	0.0203	0.0203
  m	0.0203	0.0203	0.0203	0.0203	0.0203	0.0203	0.0203	0.0203	0.0203	0.0203	0.0203	0.0203	0.0203	0.0203	0.0203	0.0203	0.0203	0.0203	0.0203	0.0203	0.0203	0.0203	0.0203	0.0203	0.0203	0.0203	0.0203	0.0203	0.0203	0.0203	0.0203	0.0203	0.0203	0.0203	0.0203	0.0203	0.0203	0.0203	0.0203	0.0203	0.0203	0.0305	0.0203	0.0203	0	0.0203	0.0203	0.0203	0.0203
  n	0.0203	0.0203	0.0203	0.0203	0.0203	0.0203	0.0203	0.0203	0.0203	0.0203	0.0203	0.0203	0.0203	0.0203	0.0203	0.0203	0.0203	0.0203	0.0203	0.0203	0.0203	0.0203	0.0203	0.0203	0.0203	0.0203	0.0203	0.0203	0.0203	0.0203	0.0203	0.0203	0.0203	0.0203	0.0203	0.0203	0.0203	0.0203	0.0203	0.0203	0.0203	0.0304	0.0203	0.0203	0.0203	0	0.0203	0.0203	0.0203
  o	0.0203	0.0203	0.0203	0.0203	0.0203	0.0203	0.0202	0.0202	0.0203	0.0203	0.0203	0.0203	0.0202	0.0203	0.0203	0.0203	0.0202	0.0203	0.0203	0.0202	0.0203	0.0203	0.0203	0.0203	0.0203	0.0203	0.0203	0.0203	0.0203	0.0203	0.0203	0.0203	0.0203	0.0203	0.0202	0.0202	0.0203	0.0203	0.0203	0.0203	0.0282	0.0243	0.0203	0.0203	0.0203	0.0203	0	0.0203	0.0203
  p	0.0203	0.0203	0.0203	0.0203	0.0203	0.0203	0.0203	0.0203	0.0203	0.0203	0.0203	0.0203	0.0203	0.0203	0.0203	0.0203	0.0203	0.0203	0.0203	0.0203	0.0203	0.0203	0.0203	0.0203	0.0203	0.0203	0.0203	0.0203	0.0203	0.0203	0.0203	0.0203	0.0203	0.0203	0.0203	0.0203	0.0203	0.0203	0.0203	0.0203	0.0305	0.0203	0.0203	0.0203	0.0203	0.0203	0.0203	0	0.0203
  q	0.0203	0.0203	0.0203	0.0203	0.0203	0.0203	0.0203	0.0203	0.0203	0.0203	0.0203	0.0203	0.0203	0.0203	0.0203	0.0203	0.0203	0.0203	0.0203	0.0203	0.0203	0.0203	0.0203	0.0203	0.0203	0.0203	0.0203	0.0203	0.0203	0.0203	0.0203	0.0203	0.0203	0.0203	0.0203	0.0203	0.0203	0.0203	0.0203	0.0203	0.0305	0.0203	0.0203	0.0203	0.0203	0.0203	0.0203	0.0203	0
